  1.000  0.711  0.520  0.302  0.060  0.069  0.081  0.023 -0.027 -0.143 -0.161 -0.165  0.074  0.187  0.203  0.187  0.184  0.200  0.199  0.220  0.172  0.182  0.177  0.129  0.128  0.032  0.022 -0.067  0.009  0.041 -0.066 -0.097  0.131  0.035 -0.064 -0.038  0.003  0.024  0.051  0.036  0.025 -0.081 -0.068 -0.108 -0.130 -0.112 -0.184 -0.198 -0.197 -0.207 -0.219 -0.230 -0.253 -0.229 -0.197 -0.144 -0.131 -0.133 -0.207 -0.158 -0.222 -0.063 -0.157 -0.115 -0.197 -0.145 -0.116 -0.220 -0.241 -0.237 -0.197 -0.209 -0.226 -0.293 -0.182 -0.126 -0.052  0.052  0.071 -0.038 -0.010  0.124  0.022 -0.089  0.042  0.014  0.121  0.292  0.412  0.554  0.576  0.373  0.205  0.004  0.065 -0.006  0.057  0.065  0.125  0.172  0.153  0.198  0.166  0.073  0.067  0.125  0.219  0.249  0.291  0.219 -0.018 -0.063 -0.079 -0.143 -0.002 -0.103  0.034 -0.011  0.039  0.054  0.143  0.135  0.134  0.014 -0.018 -0.020  0.005 -0.044 -0.008 -0.091 -0.155  0.003  0.041  0.035 -0.103 -0.108 -0.190 -0.205 -0.233 -0.259 -0.198 -0.174  0.012  0.104  0.187  0.100  0.136  0.121  0.061 -0.059 -0.093 -0.190 -0.180 -0.145 -0.091  0.018  0.067  0.112  0.087
  0.711  1.000  0.736  0.484  0.249  0.241  0.230  0.046 -0.144 -0.282 -0.313 -0.289 -0.061  0.142  0.162  0.098  0.102  0.151  0.165  0.208  0.130  0.155  0.167  0.172  0.233  0.182  0.193  0.071  0.084  0.156  0.067 -0.105  0.071  0.062 -0.059 -0.080 -0.050 -0.029  0.029  0.088  0.100  0.024  0.028 -0.038 -0.037 -0.018 -0.116 -0.126 -0.116 -0.148 -0.158 -0.168 -0.198 -0.176 -0.182 -0.147 -0.122 -0.127 -0.140 -0.111 -0.143  0.070 -0.037 -0.013 -0.151 -0.166 -0.107 -0.245 -0.289 -0.322 -0.290 -0.283 -0.274 -0.263 -0.146 -0.096 -0.019  0.061  0.046 -0.050 -0.024  0.071 -0.040 -0.132 -0.032 -0.075  0.004  0.161  0.281  0.462  0.583  0.467  0.374  0.130  0.172  0.111  0.164  0.142  0.199  0.235  0.198  0.297  0.280  0.180  0.188  0.233  0.371  0.409  0.452  0.364  0.148  0.065  0.059 -0.116 -0.008 -0.195 -0.084 -0.164 -0.120 -0.105  0.003 -0.006  0.036 -0.092 -0.114 -0.170 -0.143 -0.165 -0.130 -0.231 -0.172  0.043  0.121  0.104 -0.008 -0.007 -0.079 -0.138 -0.133 -0.205 -0.119 -0.120  0.038  0.176  0.241  0.119  0.158  0.084  0.007 -0.076 -0.077 -0.134 -0.054 -0.038  0.063  0.124  0.224  0.223  0.128
  0.520  0.736  1.000  0.738  0.362  0.296  0.236  0.016 -0.187 -0.355 -0.388 -0.365 -0.096  0.149  0.182  0.108  0.125  0.181  0.199  0.238  0.128  0.156  0.194  0.209  0.303  0.255  0.280  0.110  0.138  0.256  0.108 -0.139  0.125  0.115 -0.072 -0.102 -0.072 -0.047  0.028  0.101  0.111  0.050  0.066  0.030 -0.014  0.005 -0.100 -0.128 -0.117 -0.148 -0.146 -0.157 -0.183 -0.166 -0.176 -0.142 -0.113 -0.100 -0.111 -0.093 -0.128  0.135 -0.014  0.001 -0.205 -0.266 -0.139 -0.347 -0.412 -0.442 -0.392 -0.339 -0.306 -0.300 -0.159 -0.119 -0.053  0.057  0.000 -0.090 -0.050  0.036 -0.083 -0.161 -0.073 -0.101 -0.032  0.106  0.210  0.426  0.532  0.525  0.469  0.151  0.189  0.152  0.205  0.169  0.223  0.262  0.219  0.346  0.342  0.249  0.204  0.253  0.396  0.544  0.660  0.519  0.238  0.108  0.063 -0.166 -0.043 -0.269 -0.103 -0.193 -0.150 -0.133 -0.004 -0.017  0.018 -0.149 -0.143 -0.211 -0.195 -0.239 -0.161 -0.241 -0.090  0.141  0.252  0.225  0.062  0.069 -0.041 -0.172 -0.182 -0.294 -0.179 -0.177  0.005  0.172  0.252  0.150  0.175  0.088 -0.026 -0.139 -0.135 -0.194 -0.051 -0.008  0.168  0.233  0.390  0.344  0.227
  0.302  0.484  0.738  1.000  0.575  0.380  0.256  0.009 -0.228 -0.381 -0.423 -0.400 -0.184  0.100  0.120  0.030  0.053  0.122  0.150  0.190  0.070  0.098  0.163  0.221  0.345  0.312  0.363  0.208  0.190  0.312  0.208 -0.108  0.074  0.113 -0.065 -0.116 -0.127 -0.112 -0.022  0.081  0.101  0.108  0.114  0.084  0.065  0.080 -0.046 -0.079 -0.058 -0.087 -0.097 -0.115 -0.139 -0.104 -0.135 -0.113 -0.088 -0.076 -0.052 -0.064 -0.060  0.224  0.078  0.084 -0.133 -0.250 -0.111 -0.337 -0.418 -0.482 -0.436 -0.357 -0.302 -0.249 -0.132 -0.109 -0.069  0.012 -0.055 -0.127 -0.092 -0.045 -0.141 -0.205 -0.133 -0.133 -0.068  0.019  0.147  0.285  0.307  0.389  0.475  0.200  0.213  0.229  0.269  0.211  0.241  0.294  0.253  0.402  0.425  0.387  0.300  0.306  0.460  0.573  0.705  0.643  0.396  0.241  0.159 -0.113 -0.025 -0.298 -0.157 -0.257 -0.240 -0.223 -0.092 -0.107 -0.057 -0.201 -0.195 -0.289 -0.314 -0.368 -0.246 -0.267  0.012  0.212  0.348  0.324  0.167  0.153  0.049 -0.109 -0.104 -0.248 -0.144 -0.156  0.003  0.182  0.249  0.146  0.166  0.050 -0.065 -0.162 -0.114 -0.134  0.054  0.098  0.311  0.326  0.469  0.402  0.293
  0.060  0.249  0.362  0.575  1.000  0.766  0.459  0.128 -0.321 -0.422 -0.442 -0.309 -0.374 -0.090 -0.135 -0.269 -0.226 -0.122 -0.096 -0.082 -0.190 -0.135  0.003  0.172  0.337  0.415  0.529  0.450  0.306  0.412  0.528  0.161 -0.014  0.306  0.278  0.119  0.045  0.055  0.028  0.239  0.229  0.279  0.225  0.127  0.240  0.278  0.132  0.164  0.226  0.202  0.151  0.143  0.126  0.170  0.093  0.063  0.090  0.019  0.134 -0.000  0.064  0.269  0.244  0.265  0.144 -0.047  0.083 -0.065 -0.189 -0.325 -0.381 -0.355 -0.294 -0.122 -0.097 -0.094 -0.045 -0.001 -0.103 -0.167 -0.100 -0.123 -0.234 -0.261 -0.211 -0.256 -0.241 -0.215 -0.081  0.007  0.104  0.353  0.483  0.456  0.391  0.428  0.437  0.274  0.271  0.337  0.279  0.315  0.357  0.283  0.216  0.247  0.313  0.323  0.354  0.485  0.673  0.512  0.486  0.164 -0.023 -0.308 -0.380 -0.481 -0.436 -0.429 -0.370 -0.353 -0.246 -0.221 -0.119 -0.262 -0.273 -0.192 -0.193 -0.366 -0.148  0.012  0.115  0.144  0.211  0.187  0.241  0.170  0.251  0.084  0.098  0.001 -0.041  0.083  0.081  0.043  0.026 -0.100 -0.197 -0.162  0.005  0.155  0.365  0.327  0.412  0.275  0.266  0.135  0.060
  0.069  0.241  0.296  0.380  0.766  1.000  0.710  0.323 -0.284 -0.427 -0.424 -0.226 -0.285 -0.003 -0.074 -0.238 -0.210 -0.102 -0.059 -0.007 -0.121 -0.051  0.066  0.235  0.373  0.454  0.538  0.446  0.309  0.401  0.469  0.133 -0.027  0.246  0.236  0.093  0.055  0.064  0.011  0.206  0.193  0.233  0.188  0.066  0.197  0.230  0.076  0.132  0.195  0.160  0.114  0.119  0.110  0.137  0.069  0.049  0.067 -0.006  0.105 -0.028  0.025  0.230  0.212  0.237  0.133 -0.001  0.077 -0.063 -0.179 -0.282 -0.348 -0.345 -0.287 -0.137 -0.104 -0.098 -0.050 -0.005 -0.092 -0.156 -0.096 -0.115 -0.220 -0.250 -0.208 -0.248 -0.227 -0.180 -0.068  0.002  0.108  0.320  0.390  0.405  0.385  0.384  0.389  0.247  0.238  0.309  0.243  0.256  0.275  0.172  0.132  0.179  0.212  0.249  0.246  0.352  0.527  0.497  0.544  0.210  0.030 -0.314 -0.422 -0.506 -0.419 -0.392 -0.332 -0.318 -0.170 -0.124 -0.040 -0.203 -0.197 -0.098 -0.124 -0.338 -0.186 -0.024  0.054  0.081  0.127  0.117  0.171  0.139  0.206  0.088  0.119  0.038  0.013  0.107  0.102  0.083  0.077 -0.058 -0.127 -0.077  0.042  0.157  0.324  0.272  0.298  0.183  0.163  0.093  0.040
  0.081  0.230  0.236  0.256  0.459  0.710  1.000  0.599 -0.121 -0.322 -0.305 -0.068 -0.070  0.180  0.096 -0.091 -0.085  0.022  0.067  0.144  0.028  0.081  0.155  0.271  0.383  0.445  0.496  0.391  0.289  0.371  0.347  0.045 -0.038  0.145  0.115  0.023  0.028  0.037 -0.041  0.094  0.094  0.104  0.035 -0.081  0.033  0.056 -0.054 -0.017  0.024  0.012 -0.013 -0.001 -0.006  0.019 -0.017 -0.002  0.005 -0.035  0.031 -0.057 -0.042  0.156  0.108  0.165  0.050 -0.037  0.002 -0.112 -0.209 -0.282 -0.320 -0.305 -0.242 -0.148 -0.092 -0.082 -0.048 -0.004 -0.056 -0.106 -0.080 -0.081 -0.150 -0.191 -0.167 -0.187 -0.158 -0.123 -0.042  0.005  0.076  0.208  0.265  0.216  0.193  0.190  0.203  0.110  0.110  0.179  0.136  0.190  0.201  0.106  0.082  0.129  0.145  0.210  0.188  0.221  0.303  0.332  0.509  0.224  0.131 -0.258 -0.346 -0.407 -0.309 -0.262 -0.166 -0.146  0.022  0.054  0.053 -0.157 -0.180 -0.135 -0.149 -0.297 -0.154 -0.023  0.032  0.044  0.035  0.044  0.059  0.028  0.099  0.017  0.073  0.036  0.069  0.125  0.119  0.122  0.155  0.025 -0.017 -0.007  0.064  0.106  0.216  0.140  0.146  0.086  0.106  0.082  0.044
  0.023  0.046  0.016  0.009  0.128  0.323  0.599  1.000  0.362  0.162  0.178  0.360  0.289  0.310  0.174  0.047  0.039  0.100  0.125  0.165  0.031  0.055  0.145  0.175  0.167  0.129  0.150  0.121  0.082  0.100  0.074 -0.003 -0.038  0.025  0.019 -0.003  0.060  0.044 -0.052 -0.061 -0.101 -0.136 -0.228 -0.233 -0.188 -0.170 -0.158 -0.161 -0.143 -0.086 -0.113 -0.095 -0.083 -0.049 -0.035  0.024 -0.005 -0.034 -0.041 -0.099 -0.162 -0.130 -0.125 -0.054 -0.083 -0.072 -0.099 -0.147 -0.135 -0.128 -0.110 -0.122 -0.097 -0.155 -0.161 -0.161 -0.165 -0.143 -0.118 -0.118 -0.130 -0.099 -0.072 -0.080 -0.057 -0.047 -0.042 -0.017 -0.026 -0.056 -0.052 -0.040 -0.006 -0.042 -0.117 -0.111 -0.117 -0.180 -0.164 -0.072 -0.096 -0.043 -0.003 -0.010 -0.007  0.011  0.004  0.058  0.032  0.020  0.071  0.188  0.317  0.382  0.391  0.098 -0.045  0.005  0.018  0.022  0.096  0.090  0.235  0.323  0.256  0.021 -0.112 -0.139 -0.173 -0.218 -0.132 -0.096 -0.078 -0.044 -0.063 -0.077 -0.077 -0.041 -0.018 -0.008  0.049  0.057  0.115  0.042  0.011  0.103  0.179  0.172  0.203  0.172  0.199  0.114  0.083  0.042 -0.010  0.001  0.003  0.036  0.043
 -0.027 -0.144 -0.187 -0.228 -0.321 -0.284 -0.121  0.362  1.000  0.800  0.673  0.552  0.580  0.230  0.207  0.298  0.240  0.160  0.140  0.144  0.227  0.209  0.131 -0.049 -0.249 -0.368 -0.383 -0.294 -0.204 -0.280 -0.323 -0.025  0.099 -0.108 -0.097 -0.014  0.039  0.045  0.069 -0.154 -0.191 -0.291 -0.321 -0.257 -0.376 -0.371 -0.202 -0.277 -0.334 -0.230 -0.236 -0.229 -0.185 -0.149 -0.060  0.022 -0.002  0.062 -0.097 -0.011 -0.159 -0.385 -0.416 -0.403 -0.309 -0.143 -0.243 -0.143  0.002  0.180  0.265  0.262  0.225 -0.028 -0.064 -0.091 -0.110 -0.122 -0.007  0.045 -0.007  0.055  0.177  0.207  0.220  0.268  0.259  0.260  0.124  0.031 -0.060 -0.249 -0.265 -0.326 -0.436 -0.446 -0.458 -0.354 -0.306 -0.289 -0.273 -0.284 -0.273 -0.224 -0.183 -0.179 -0.191 -0.175 -0.204 -0.284 -0.334 -0.254 -0.285  0.138  0.370  0.596  0.638  0.723  0.604  0.463  0.470  0.431  0.337  0.371  0.288  0.321  0.166  0.002 -0.059  0.163 -0.004 -0.189 -0.275 -0.244 -0.279 -0.249 -0.295 -0.230 -0.299 -0.181 -0.240 -0.171 -0.102 -0.239 -0.199 -0.093 -0.080  0.048  0.187  0.098  0.056 -0.098 -0.260 -0.234 -0.302 -0.218 -0.212 -0.179 -0.124
 -0.143 -0.282 -0.355 -0.381 -0.422 -0.427 -0.322  0.162  0.800  1.000  0.901  0.687  0.481 -0.035 -0.048  0.111  0.051 -0.084 -0.125 -0.136  0.050  0.035 -0.077 -0.209 -0.397 -0.480 -0.498 -0.315 -0.263 -0.384 -0.328  0.068  0.029 -0.110 -0.027  0.072  0.106  0.089  0.130 -0.084 -0.122 -0.195 -0.244 -0.142 -0.257 -0.252 -0.029 -0.101 -0.167 -0.049 -0.053 -0.042 -0.001  0.025  0.100  0.146  0.120  0.166  0.039  0.116 -0.005 -0.370 -0.344 -0.388 -0.182 -0.023 -0.148  0.037  0.231  0.401  0.453  0.433  0.389  0.158  0.040 -0.016 -0.048 -0.107 -0.004  0.090  0.049  0.056  0.200  0.271  0.264  0.285  0.227  0.208  0.049 -0.064 -0.143 -0.322 -0.315 -0.277 -0.439 -0.398 -0.476 -0.357 -0.334 -0.388 -0.369 -0.390 -0.362 -0.276 -0.215 -0.238 -0.289 -0.332 -0.361 -0.431 -0.398 -0.331 -0.363  0.116  0.264  0.668  0.611  0.787  0.598  0.462  0.363  0.336  0.188  0.303  0.213  0.282  0.142  0.007 -0.086  0.163  0.001 -0.242 -0.336 -0.291 -0.284 -0.259 -0.254 -0.173 -0.206 -0.072 -0.139 -0.078 -0.079 -0.243 -0.239 -0.161 -0.155  0.024  0.156  0.116  0.059 -0.055 -0.253 -0.247 -0.324 -0.286 -0.304 -0.274 -0.212
 -0.161 -0.313 -0.388 -0.423 -0.442 -0.424 -0.305  0.178  0.673  0.901  1.000  0.834  0.592  0.057  0.027  0.168  0.102 -0.034 -0.080 -0.099  0.075  0.046 -0.082 -0.223 -0.392 -0.470 -0.515 -0.330 -0.242 -0.370 -0.340  0.084  0.059 -0.094 -0.016  0.078  0.145  0.118  0.114 -0.091 -0.138 -0.207 -0.273 -0.180 -0.254 -0.238 -0.023 -0.086 -0.148 -0.041 -0.049 -0.038 -0.007  0.029  0.112  0.166  0.125  0.151  0.032  0.099 -0.041 -0.404 -0.377 -0.403 -0.206 -0.020 -0.168  0.029  0.212  0.380  0.433  0.407  0.357  0.107 -0.029 -0.064 -0.099 -0.147 -0.055  0.029 -0.002  0.005  0.144  0.222  0.224  0.240  0.191  0.198  0.048 -0.071 -0.163 -0.334 -0.334 -0.273 -0.434 -0.400 -0.493 -0.373 -0.354 -0.394 -0.384 -0.400 -0.353 -0.273 -0.205 -0.220 -0.300 -0.339 -0.388 -0.473 -0.416 -0.363 -0.389  0.044  0.147  0.501  0.457  0.717  0.575  0.534  0.437  0.419  0.317  0.448  0.320  0.298  0.149  0.022 -0.076  0.149 -0.001 -0.242 -0.350 -0.318 -0.316 -0.279 -0.267 -0.199 -0.229 -0.086 -0.144 -0.071 -0.070 -0.248 -0.253 -0.150 -0.144  0.043  0.157  0.102  0.015 -0.106 -0.297 -0.299 -0.366 -0.336 -0.337 -0.286 -0.214
 -0.165 -0.289 -0.365 -0.400 -0.309 -0.226 -0.068  0.360  0.552  0.687  0.834  1.000  0.660  0.244  0.117  0.157  0.102  0.032 -0.009 -0.026  0.036  0.002 -0.058 -0.145 -0.260 -0.322 -0.351 -0.207 -0.139 -0.244 -0.214  0.097  0.049 -0.059  0.022  0.078  0.142  0.112  0.039 -0.106 -0.170 -0.218 -0.293 -0.231 -0.223 -0.200 -0.057 -0.083 -0.101 -0.021 -0.041 -0.032 -0.012  0.024  0.088  0.133  0.081  0.062 -0.009  0.003 -0.126 -0.391 -0.330 -0.303 -0.163  0.005 -0.142 -0.010  0.133  0.266  0.299  0.246  0.201 -0.008 -0.132 -0.148 -0.188 -0.215 -0.149 -0.089 -0.112 -0.099  0.013  0.082  0.094  0.112  0.077  0.106 -0.004 -0.104 -0.187 -0.291 -0.298 -0.203 -0.326 -0.309 -0.373 -0.326 -0.325 -0.302 -0.300 -0.336 -0.285 -0.219 -0.168 -0.161 -0.264 -0.290 -0.359 -0.399 -0.294 -0.220 -0.191  0.124  0.147  0.325  0.224  0.459  0.407  0.426  0.383  0.389  0.416  0.621  0.520  0.340  0.185  0.092 -0.031  0.072 -0.060 -0.220 -0.316 -0.278 -0.279 -0.250 -0.232 -0.156 -0.171 -0.053 -0.089 -0.041 -0.046 -0.211 -0.223 -0.108 -0.084  0.068  0.152  0.102  0.044 -0.055 -0.205 -0.230 -0.314 -0.291 -0.314 -0.248 -0.175
  0.074 -0.061 -0.096 -0.184 -0.374 -0.285 -0.070  0.289  0.580  0.481  0.592  0.660  1.000  0.733  0.683  0.704  0.624  0.563  0.531  0.525  0.540  0.446  0.310  0.048 -0.133 -0.288 -0.376 -0.398 -0.136 -0.189 -0.432 -0.140  0.273 -0.127 -0.201 -0.072  0.032  0.025 -0.067 -0.300 -0.361 -0.473 -0.494 -0.476 -0.511 -0.500 -0.405 -0.460 -0.485 -0.437 -0.423 -0.428 -0.405 -0.353 -0.218 -0.085 -0.138 -0.133 -0.322 -0.226 -0.433 -0.529 -0.603 -0.487 -0.519 -0.272 -0.390 -0.339 -0.228 -0.026  0.107  0.079  0.005 -0.321 -0.314 -0.272 -0.304 -0.252 -0.149 -0.154 -0.204 -0.081  0.010  0.010  0.078  0.145  0.220  0.295  0.222  0.152  0.003 -0.198 -0.332 -0.450 -0.447 -0.549 -0.494 -0.400 -0.338 -0.208 -0.187 -0.183 -0.179 -0.143 -0.093 -0.092 -0.149 -0.044 -0.106 -0.227 -0.406 -0.352 -0.404 -0.192  0.048  0.185  0.412  0.582  0.669  0.724  0.810  0.787  0.818  0.761  0.588  0.413  0.242  0.086  0.076  0.179  0.028 -0.040 -0.114 -0.131 -0.299 -0.283 -0.411 -0.409 -0.528 -0.431 -0.440 -0.324 -0.150 -0.237 -0.151 -0.078 -0.031  0.077  0.159 -0.042 -0.154 -0.368 -0.480 -0.426 -0.408 -0.244 -0.156 -0.031  0.029
  0.187  0.142  0.149  0.100 -0.090 -0.003  0.180  0.310  0.230 -0.035  0.057  0.244  0.733  1.000  0.893  0.756  0.720  0.777  0.779  0.771  0.601  0.507  0.481  0.284  0.191  0.045 -0.022 -0.202  0.043  0.082 -0.238 -0.232  0.289 -0.075 -0.228 -0.167 -0.091 -0.080 -0.215 -0.337 -0.391 -0.463 -0.451 -0.497 -0.461 -0.460 -0.520 -0.532 -0.504 -0.517 -0.507 -0.518 -0.512 -0.468 -0.373 -0.245 -0.292 -0.314 -0.450 -0.413 -0.561 -0.369 -0.461 -0.273 -0.491 -0.329 -0.363 -0.470 -0.486 -0.378 -0.260 -0.280 -0.329 -0.540 -0.421 -0.327 -0.350 -0.248 -0.185 -0.263 -0.306 -0.154 -0.138 -0.201 -0.118 -0.032  0.098  0.185  0.224  0.219  0.087 -0.020 -0.169 -0.356 -0.239 -0.371 -0.227 -0.229 -0.175  0.050  0.064  0.084  0.064  0.058  0.059  0.080  0.071  0.222  0.175  0.098 -0.142 -0.119 -0.142 -0.200  0.011 -0.154  0.121  0.146  0.334  0.438  0.637  0.631  0.806  0.652  0.560  0.293  0.147  0.049  0.125  0.064  0.035  0.150  0.146  0.116 -0.101 -0.138 -0.299 -0.344 -0.459 -0.458 -0.403 -0.330 -0.104 -0.075  0.019  0.054  0.127  0.101  0.115 -0.104 -0.153 -0.339 -0.325 -0.269 -0.199 -0.020  0.085  0.194  0.235
  0.203  0.162  0.182  0.120 -0.135 -0.074  0.096  0.174  0.207 -0.048  0.027  0.117  0.683  0.893  1.000  0.888  0.847  0.876  0.875  0.860  0.731  0.610  0.534  0.266  0.151  0.010 -0.066 -0.261  0.026  0.068 -0.298 -0.265  0.335 -0.088 -0.256 -0.173 -0.094 -0.085 -0.206 -0.349 -0.396 -0.479 -0.460 -0.507 -0.504 -0.499 -0.543 -0.570 -0.556 -0.570 -0.548 -0.561 -0.552 -0.501 -0.389 -0.250 -0.293 -0.304 -0.469 -0.406 -0.564 -0.387 -0.509 -0.325 -0.547 -0.378 -0.399 -0.475 -0.496 -0.376 -0.242 -0.247 -0.302 -0.536 -0.410 -0.311 -0.328 -0.222 -0.155 -0.237 -0.284 -0.122 -0.108 -0.181 -0.096 -0.006  0.139  0.212  0.244  0.242  0.108 -0.028 -0.181 -0.401 -0.287 -0.432 -0.289 -0.257 -0.195  0.012  0.043  0.079  0.055  0.051  0.052  0.060  0.070  0.249  0.210  0.088 -0.191 -0.187 -0.258 -0.323 -0.065 -0.151  0.206  0.222  0.421  0.524  0.723  0.708  0.816  0.558  0.431  0.246  0.119  0.015  0.117  0.110  0.092  0.175  0.172  0.122 -0.109 -0.129 -0.311 -0.390 -0.519 -0.519 -0.486 -0.393 -0.172 -0.127 -0.029  0.015  0.071  0.035  0.071 -0.161 -0.221 -0.413 -0.391 -0.326 -0.213 -0.024  0.118  0.217  0.237
  0.187  0.098  0.108  0.030 -0.269 -0.238 -0.091  0.047  0.298  0.111  0.168  0.157  0.704  0.756  0.888  1.000  0.950  0.871  0.844  0.793  0.781  0.648  0.497  0.170  0.001 -0.159 -0.260 -0.394 -0.066 -0.071 -0.428 -0.252  0.371 -0.122 -0.270 -0.142 -0.058 -0.053 -0.146 -0.356 -0.407 -0.514 -0.482 -0.496 -0.548 -0.548 -0.538 -0.588 -0.599 -0.595 -0.565 -0.574 -0.551 -0.505 -0.372 -0.224 -0.266 -0.259 -0.460 -0.364 -0.543 -0.445 -0.560 -0.396 -0.568 -0.367 -0.395 -0.434 -0.422 -0.271 -0.130 -0.130 -0.194 -0.465 -0.361 -0.275 -0.299 -0.209 -0.119 -0.176 -0.232 -0.069 -0.022 -0.076 -0.000  0.095  0.234  0.278  0.275  0.248  0.102 -0.080 -0.267 -0.464 -0.363 -0.522 -0.389 -0.309 -0.236 -0.067 -0.024  0.013 -0.042 -0.037 -0.018 -0.028 -0.017  0.159  0.124 -0.010 -0.299 -0.289 -0.402 -0.365 -0.071 -0.031  0.359  0.415  0.575  0.657  0.819  0.794  0.770  0.506  0.359  0.267  0.164  0.054  0.140  0.176  0.079  0.110  0.096  0.063 -0.162 -0.181 -0.361 -0.419 -0.572 -0.529 -0.527 -0.405 -0.203 -0.187 -0.081 -0.045 -0.004  0.019  0.084 -0.153 -0.234 -0.447 -0.477 -0.389 -0.297 -0.096  0.046  0.154  0.200
  0.184  0.102  0.125  0.053 -0.226 -0.210 -0.085  0.039  0.240  0.051  0.102  0.102  0.624  0.720  0.847  0.950  1.000  0.915  0.852  0.768  0.720  0.587  0.477  0.172  0.026 -0.120 -0.208 -0.359 -0.048 -0.032 -0.382 -0.255  0.358 -0.100 -0.256 -0.144 -0.071 -0.064 -0.163 -0.355 -0.416 -0.509 -0.474 -0.491 -0.532 -0.530 -0.535 -0.576 -0.579 -0.575 -0.550 -0.560 -0.539 -0.493 -0.372 -0.230 -0.274 -0.275 -0.464 -0.388 -0.549 -0.423 -0.537 -0.360 -0.542 -0.371 -0.383 -0.421 -0.432 -0.304 -0.179 -0.179 -0.236 -0.473 -0.369 -0.286 -0.302 -0.212 -0.131 -0.192 -0.247 -0.086 -0.050 -0.109 -0.035  0.065  0.205  0.239  0.252  0.231  0.094 -0.069 -0.254 -0.441 -0.336 -0.486 -0.343 -0.286 -0.220 -0.038  0.007  0.042 -0.012 -0.009  0.002 -0.004  0.015  0.185  0.155  0.032 -0.239 -0.238 -0.350 -0.329 -0.061 -0.054  0.312  0.352  0.495  0.571  0.737  0.725  0.716  0.449  0.325  0.234  0.142  0.045  0.136  0.146  0.067  0.124  0.124  0.104 -0.111 -0.140 -0.312 -0.372 -0.517 -0.492 -0.482 -0.374 -0.185 -0.164 -0.067 -0.024  0.018  0.035  0.081 -0.149 -0.205 -0.399 -0.413 -0.325 -0.240 -0.051  0.084  0.179  0.229
  0.200  0.151  0.181  0.122 -0.122 -0.102  0.022  0.100  0.160 -0.084 -0.034  0.032  0.563  0.777  0.876  0.871  0.915  1.000  0.940  0.838  0.663  0.539  0.505  0.241  0.128 -0.011 -0.071 -0.257  0.014  0.059 -0.280 -0.262  0.327 -0.076 -0.244 -0.178 -0.115 -0.103 -0.211 -0.356 -0.417 -0.491 -0.460 -0.497 -0.499 -0.495 -0.545 -0.572 -0.551 -0.558 -0.548 -0.565 -0.554 -0.499 -0.398 -0.265 -0.310 -0.327 -0.488 -0.437 -0.574 -0.376 -0.487 -0.290 -0.510 -0.371 -0.375 -0.439 -0.483 -0.388 -0.268 -0.276 -0.326 -0.529 -0.406 -0.312 -0.324 -0.221 -0.158 -0.242 -0.291 -0.123 -0.113 -0.193 -0.114 -0.015  0.127  0.182  0.212  0.218  0.097 -0.027 -0.192 -0.391 -0.278 -0.410 -0.256 -0.237 -0.182  0.029  0.067  0.099  0.054  0.052  0.048  0.051  0.084  0.249  0.223  0.123 -0.134 -0.132 -0.221 -0.278 -0.040 -0.137  0.203  0.195  0.354  0.434  0.642  0.645  0.709  0.443  0.344  0.206  0.109  0.022  0.130  0.098  0.070  0.176  0.192  0.171 -0.043 -0.086 -0.255 -0.321 -0.452 -0.462 -0.437 -0.357 -0.160 -0.115 -0.028  0.020  0.073  0.043  0.076 -0.152 -0.174 -0.343 -0.320 -0.244 -0.153  0.024  0.147  0.222  0.266
  0.199  0.165  0.199  0.150 -0.096 -0.059  0.067  0.125  0.140 -0.125 -0.080 -0.009  0.531  0.779  0.875  0.844  0.852  0.940  1.000  0.923  0.721  0.603  0.570  0.291  0.174  0.031 -0.036 -0.231  0.029  0.074 -0.261 -0.272  0.310 -0.090 -0.245 -0.192 -0.121 -0.104 -0.209 -0.339 -0.389 -0.461 -0.436 -0.476 -0.479 -0.482 -0.544 -0.567 -0.547 -0.562 -0.554 -0.566 -0.548 -0.500 -0.406 -0.272 -0.314 -0.322 -0.472 -0.420 -0.548 -0.324 -0.428 -0.246 -0.486 -0.346 -0.365 -0.457 -0.520 -0.429 -0.312 -0.308 -0.339 -0.527 -0.383 -0.280 -0.293 -0.191 -0.134 -0.223 -0.271 -0.106 -0.103 -0.191 -0.117 -0.020  0.121  0.174  0.204  0.215  0.099 -0.015 -0.163 -0.364 -0.255 -0.378 -0.233 -0.215 -0.164  0.040  0.072  0.110  0.070  0.059  0.054  0.064  0.091  0.259  0.234  0.129 -0.119 -0.107 -0.186 -0.268 -0.015 -0.154  0.175  0.162  0.340  0.412  0.611  0.581  0.661  0.400  0.303  0.174  0.079  0.003  0.119  0.078  0.068  0.175  0.185  0.154 -0.050 -0.093 -0.257 -0.323 -0.450 -0.452 -0.415 -0.335 -0.139 -0.084 -0.011  0.063  0.117  0.054  0.103 -0.117 -0.154 -0.335 -0.311 -0.239 -0.150  0.018  0.148  0.229  0.265
  0.220  0.208  0.238  0.190 -0.082 -0.007  0.144  0.165  0.144 -0.136 -0.099 -0.026  0.525  0.771  0.860  0.793  0.768  0.838  0.923  1.000  0.783  0.686  0.620  0.349  0.224  0.074 -0.004 -0.203  0.042  0.086 -0.257 -0.288  0.276 -0.117 -0.275 -0.222 -0.135 -0.123 -0.211 -0.322 -0.352 -0.426 -0.406 -0.448 -0.455 -0.463 -0.532 -0.563 -0.544 -0.562 -0.542 -0.552 -0.536 -0.499 -0.404 -0.266 -0.305 -0.304 -0.445 -0.380 -0.509 -0.274 -0.393 -0.246 -0.474 -0.326 -0.374 -0.477 -0.534 -0.432 -0.314 -0.305 -0.324 -0.508 -0.352 -0.254 -0.264 -0.160 -0.104 -0.192 -0.235 -0.080 -0.082 -0.174 -0.104 -0.015  0.119  0.187  0.217  0.232  0.122  0.004 -0.119 -0.348 -0.242 -0.356 -0.221 -0.193 -0.141  0.055  0.079  0.119  0.094  0.072  0.069  0.088  0.108  0.280  0.258  0.127 -0.146 -0.128 -0.186 -0.286 -0.003 -0.162  0.158  0.148  0.337  0.401  0.586  0.535  0.639  0.389  0.282  0.155  0.060 -0.030  0.078  0.068  0.070  0.166  0.176  0.125 -0.091 -0.111 -0.287 -0.367 -0.488 -0.479 -0.426 -0.338 -0.116 -0.058  0.022  0.089  0.151  0.061  0.126 -0.091 -0.169 -0.370 -0.348 -0.280 -0.172 -0.001  0.148  0.235  0.246
  0.172  0.130  0.128  0.070 -0.190 -0.121  0.028  0.031  0.227  0.050  0.075  0.036  0.540  0.601  0.731  0.781  0.720  0.663  0.721  0.783  1.000  0.895  0.621  0.315  0.113 -0.063 -0.194 -0.306 -0.008 -0.045 -0.367 -0.206  0.325 -0.137 -0.252 -0.145 -0.067 -0.056 -0.128 -0.276 -0.287 -0.376 -0.344 -0.385 -0.415 -0.433 -0.459 -0.494 -0.511 -0.532 -0.500 -0.506 -0.470 -0.450 -0.338 -0.203 -0.232 -0.221 -0.378 -0.274 -0.412 -0.292 -0.402 -0.302 -0.445 -0.247 -0.315 -0.380 -0.379 -0.223 -0.126 -0.130 -0.159 -0.366 -0.248 -0.166 -0.189 -0.116 -0.047 -0.102 -0.148 -0.021  0.004 -0.053  0.007  0.071  0.188  0.211  0.225  0.218  0.120 -0.012 -0.176 -0.349 -0.247 -0.392 -0.294 -0.192 -0.127 -0.014  0.016  0.063  0.001 -0.038 -0.005 -0.013 -0.017  0.147  0.110 -0.002 -0.268 -0.264 -0.339 -0.346 -0.048 -0.022  0.286  0.339  0.491  0.511  0.629  0.567  0.565  0.342  0.200  0.142  0.093  0.036  0.111  0.103  0.008  0.051  0.055  0.030 -0.175 -0.198 -0.356 -0.407 -0.548 -0.487 -0.467 -0.344 -0.141 -0.103 -0.007 -0.005  0.033  0.005  0.106 -0.092 -0.207 -0.423 -0.462 -0.386 -0.292 -0.124  0.021  0.112  0.152
  0.182  0.155  0.156  0.098 -0.135 -0.051  0.081  0.055  0.209  0.035  0.046  0.002  0.446  0.507  0.610  0.648  0.587  0.539  0.603  0.686  0.895  1.000  0.797  0.505  0.260  0.053 -0.099 -0.197  0.075  0.018 -0.289 -0.150  0.307 -0.113 -0.219 -0.147 -0.070 -0.056 -0.109 -0.227 -0.238 -0.328 -0.314 -0.368 -0.404 -0.424 -0.448 -0.473 -0.489 -0.490 -0.471 -0.468 -0.426 -0.406 -0.311 -0.175 -0.198 -0.180 -0.317 -0.230 -0.365 -0.236 -0.347 -0.273 -0.389 -0.218 -0.285 -0.368 -0.371 -0.221 -0.153 -0.153 -0.153 -0.324 -0.205 -0.139 -0.155 -0.083 -0.022 -0.072 -0.112 -0.001  0.019 -0.033  0.021  0.074  0.172  0.193  0.201  0.200  0.126  0.014 -0.121 -0.297 -0.227 -0.342 -0.247 -0.142 -0.088  0.020  0.046  0.090  0.038 -0.012  0.012  0.004  0.020  0.176  0.138  0.016 -0.238 -0.236 -0.288 -0.309 -0.002  0.002  0.236  0.287  0.413  0.406  0.521  0.458  0.462  0.278  0.159  0.101  0.042 -0.014  0.057  0.040 -0.024  0.021  0.037  0.033 -0.176 -0.208 -0.355 -0.398 -0.531 -0.470 -0.414 -0.297 -0.068 -0.019  0.067  0.073  0.106  0.022  0.160 -0.033 -0.169 -0.405 -0.429 -0.367 -0.265 -0.117  0.036  0.112  0.151
  0.177  0.167  0.194  0.163  0.003  0.066  0.155  0.145  0.131 -0.077 -0.082 -0.058  0.310  0.481  0.534  0.497  0.477  0.505  0.570  0.620  0.621  0.797  1.000  0.713  0.483  0.277  0.162  0.020  0.226  0.205 -0.078 -0.101  0.277 -0.027 -0.143 -0.146 -0.092 -0.076 -0.152 -0.215 -0.260 -0.320 -0.340 -0.401 -0.418 -0.434 -0.474 -0.476 -0.463 -0.425 -0.433 -0.423 -0.385 -0.346 -0.278 -0.148 -0.179 -0.178 -0.281 -0.282 -0.392 -0.202 -0.283 -0.180 -0.310 -0.231 -0.250 -0.393 -0.439 -0.356 -0.313 -0.297 -0.264 -0.374 -0.255 -0.194 -0.198 -0.116 -0.073 -0.134 -0.169 -0.062 -0.059 -0.120 -0.059 -0.002  0.081  0.110  0.136  0.143  0.077  0.008 -0.065 -0.243 -0.214 -0.264 -0.149 -0.124 -0.099  0.072  0.102  0.129  0.127  0.112  0.095  0.096  0.132  0.265  0.232  0.107 -0.089 -0.084 -0.102 -0.195  0.070 -0.051  0.103  0.112  0.240  0.216  0.357  0.317  0.390  0.242  0.185  0.074 -0.049 -0.109 -0.016 -0.057  0.004  0.084  0.117  0.126 -0.080 -0.126 -0.259 -0.312 -0.410 -0.404 -0.286 -0.218  0.016  0.087  0.127  0.215  0.252  0.052  0.213  0.017 -0.076 -0.301 -0.257 -0.231 -0.119  0.001  0.143  0.191  0.212
  0.129  0.172  0.209  0.221  0.172  0.235  0.271  0.175 -0.049 -0.209 -0.223 -0.145  0.048  0.284  0.266  0.170  0.172  0.241  0.291  0.349  0.315  0.505  0.713  1.000  0.800  0.589  0.462  0.313  0.421  0.401  0.163  0.009  0.201  0.055 -0.056 -0.128 -0.106 -0.080 -0.167 -0.141 -0.161 -0.180 -0.181 -0.242 -0.234 -0.267 -0.366 -0.332 -0.298 -0.292 -0.300 -0.289 -0.267 -0.262 -0.263 -0.170 -0.181 -0.180 -0.194 -0.247 -0.273 -0.002 -0.056  0.035 -0.143 -0.163 -0.132 -0.321 -0.398 -0.383 -0.405 -0.399 -0.327 -0.293 -0.152 -0.095 -0.106 -0.042 -0.039 -0.104 -0.123 -0.055 -0.087 -0.155 -0.119 -0.084 -0.028 -0.009  0.051  0.087  0.063  0.086  0.053 -0.097 -0.041 -0.059  0.053  0.035  0.030  0.178  0.197  0.204  0.212  0.180  0.151  0.155  0.197  0.315  0.270  0.191  0.056  0.065  0.119 -0.061  0.104 -0.123 -0.113 -0.128 -0.044 -0.070  0.052  0.044  0.167  0.090  0.097 -0.062 -0.153 -0.156 -0.074 -0.179 -0.035  0.089  0.145  0.166 -0.027 -0.101 -0.194 -0.240 -0.254 -0.270 -0.084 -0.033  0.223  0.307  0.342  0.373  0.462  0.251  0.278  0.097  0.002 -0.177 -0.089 -0.115 -0.015  0.051  0.180  0.216  0.226
  0.128  0.233  0.303  0.345  0.337  0.373  0.383  0.167 -0.249 -0.397 -0.392 -0.260 -0.133  0.191  0.151  0.001  0.026  0.128  0.174  0.224  0.113  0.260  0.483  0.800  1.000  0.817  0.667  0.509  0.543  0.563  0.351  0.027  0.129  0.148  0.015 -0.084 -0.099 -0.071 -0.159 -0.054 -0.064 -0.045 -0.054 -0.128 -0.088 -0.111 -0.247 -0.200 -0.153 -0.159 -0.175 -0.169 -0.168 -0.155 -0.196 -0.140 -0.132 -0.147 -0.102 -0.198 -0.176  0.159  0.086  0.175 -0.045 -0.177 -0.087 -0.310 -0.437 -0.492 -0.541 -0.501 -0.391 -0.262 -0.110 -0.057 -0.044  0.021 -0.018 -0.099 -0.100 -0.059 -0.133 -0.215 -0.189 -0.169 -0.115 -0.100  0.005  0.071  0.069  0.160  0.187  0.034  0.083  0.114  0.218  0.147  0.123  0.259  0.266  0.306  0.327  0.277  0.226  0.252  0.301  0.401  0.372  0.300  0.210  0.175  0.253 -0.053  0.025 -0.280 -0.292 -0.343 -0.256 -0.251 -0.128 -0.109  0.040 -0.025  0.012 -0.190 -0.269 -0.259 -0.164 -0.292 -0.027  0.145  0.223  0.224  0.060 -0.001 -0.061 -0.158 -0.095 -0.196  0.033  0.037  0.251  0.405  0.422  0.466  0.522  0.258  0.145  0.006 -0.015 -0.111  0.071  0.004  0.127  0.133  0.273  0.282  0.255
  0.032  0.182  0.255  0.312  0.415  0.454  0.445  0.129 -0.368 -0.480 -0.470 -0.322 -0.288  0.045  0.010 -0.159 -0.120 -0.011  0.031  0.074 -0.063  0.053  0.277  0.589  0.817  1.000  0.852  0.637  0.637  0.717  0.512  0.086  0.073  0.225  0.101 -0.037 -0.086 -0.067 -0.146  0.043  0.042  0.099  0.086  0.004  0.060  0.045 -0.088 -0.026  0.015  0.001 -0.009  0.002 -0.011 -0.003 -0.080 -0.073 -0.049 -0.068  0.033 -0.094 -0.028  0.279  0.221  0.283  0.084 -0.128 -0.013 -0.179 -0.324 -0.428 -0.510 -0.464 -0.344 -0.131 -0.020  0.005  0.030  0.070 -0.007 -0.066 -0.055 -0.071 -0.151 -0.217 -0.221 -0.221 -0.199 -0.219 -0.105 -0.039  0.002  0.156  0.248  0.159  0.179  0.247  0.310  0.213  0.171  0.256  0.261  0.298  0.339  0.294  0.245  0.271  0.301  0.360  0.326  0.267  0.298  0.222  0.344 -0.011 -0.056 -0.341 -0.399 -0.461 -0.376 -0.360 -0.276 -0.250 -0.106 -0.150 -0.072 -0.272 -0.335 -0.297 -0.238 -0.357 -0.047  0.104  0.189  0.184  0.112  0.092  0.095 -0.010  0.109 -0.019  0.158  0.107  0.188  0.335  0.315  0.344  0.408  0.145 -0.007 -0.056 -0.017  0.016  0.239  0.124  0.226  0.147  0.261  0.223  0.165
  0.022  0.193  0.280  0.363  0.529  0.538  0.496  0.150 -0.383 -0.498 -0.515 -0.351 -0.376 -0.022 -0.066 -0.260 -0.208 -0.071 -0.036 -0.004 -0.194 -0.099  0.162  0.462  0.667  0.852  1.000  0.782  0.625  0.770  0.684  0.151  0.025  0.290  0.198  0.049 -0.041 -0.032 -0.089  0.127  0.110  0.182  0.144  0.057  0.127  0.134  0.009  0.062  0.120  0.124  0.101  0.115  0.095  0.120  0.026  0.004  0.030 -0.005  0.110 -0.051  0.034  0.312  0.263  0.321  0.133 -0.128  0.033 -0.133 -0.274 -0.409 -0.489 -0.435 -0.329 -0.107 -0.029 -0.025  0.018  0.053 -0.039 -0.094 -0.068 -0.091 -0.182 -0.242 -0.241 -0.251 -0.239 -0.252 -0.136 -0.055  0.014  0.205  0.323  0.257  0.241  0.329  0.377  0.228  0.183  0.276  0.269  0.306  0.364  0.322  0.253  0.288  0.338  0.369  0.358  0.333  0.420  0.349  0.495  0.111 -0.034 -0.344 -0.428 -0.526 -0.455 -0.455 -0.375 -0.340 -0.194 -0.212 -0.100 -0.280 -0.342 -0.305 -0.263 -0.377 -0.045  0.113  0.211  0.221  0.186  0.181  0.200  0.070  0.210  0.015  0.126  0.041  0.066  0.212  0.200  0.212  0.248  0.032 -0.135 -0.151 -0.020  0.107  0.364  0.249  0.345  0.229  0.309  0.220  0.143
 -0.067  0.071  0.110  0.208  0.450  0.446  0.391  0.121 -0.294 -0.315 -0.330 -0.207 -0.398 -0.202 -0.261 -0.394 -0.359 -0.257 -0.231 -0.203 -0.306 -0.197  0.020  0.313  0.509  0.637  0.782  1.000  0.723  0.639  0.780  0.479  0.041  0.334  0.351  0.197  0.080  0.070  0.035  0.226  0.197  0.252  0.175  0.085  0.169  0.191  0.112  0.158  0.216  0.250  0.201  0.225  0.227  0.259  0.171  0.132  0.171  0.124  0.229  0.069  0.144  0.278  0.273  0.271  0.211 -0.026  0.088  0.002 -0.085 -0.225 -0.311 -0.283 -0.186  0.025  0.040  0.016  0.084  0.090  0.011 -0.023  0.014 -0.031 -0.106 -0.142 -0.158 -0.184 -0.216 -0.228 -0.164 -0.108 -0.033  0.160  0.303  0.333  0.231  0.336  0.323  0.188  0.134  0.169  0.167  0.175  0.236  0.194  0.149  0.191  0.219  0.184  0.165  0.186  0.349  0.320  0.476  0.205 -0.016 -0.219 -0.406 -0.460 -0.461 -0.484 -0.445 -0.407 -0.301 -0.219 -0.125 -0.249 -0.285 -0.233 -0.250 -0.323 -0.075 -0.021  0.062  0.101  0.138  0.122  0.202  0.132  0.299  0.147  0.213  0.121  0.089  0.175  0.136  0.138  0.136 -0.040 -0.139 -0.103  0.033  0.196  0.395  0.257  0.301  0.138  0.161  0.055 -0.010
  0.009  0.084  0.138  0.190  0.306  0.309  0.289  0.082 -0.204 -0.263 -0.242 -0.139 -0.136  0.043  0.026 -0.066 -0.048  0.014  0.029  0.042 -0.008  0.075  0.226  0.421  0.543  0.637  0.625  0.723  1.000  0.798  0.588  0.500  0.439  0.398  0.295  0.159  0.056  0.052 -0.047  0.070  0.032  0.052  0.025 -0.061  0.005  0.009 -0.087 -0.044  0.007  0.022 -0.010  0.000  0.003  0.033 -0.002  0.014  0.035 -0.023  0.021 -0.094 -0.084  0.107  0.075  0.131  0.006 -0.139 -0.037 -0.155 -0.247 -0.323 -0.374 -0.363 -0.298 -0.166 -0.104 -0.073 -0.038  0.002 -0.053 -0.113 -0.092 -0.083 -0.153 -0.202 -0.181 -0.180 -0.155 -0.146 -0.057 -0.009  0.004  0.134  0.175  0.150  0.118  0.164  0.207  0.135  0.102  0.190  0.213  0.224  0.250  0.205  0.160  0.190  0.209  0.242  0.198  0.171  0.199  0.123  0.205 -0.022 -0.093 -0.228 -0.262 -0.279 -0.210 -0.211 -0.136 -0.103 -0.010 -0.024  0.028 -0.139 -0.211 -0.178 -0.141 -0.239 -0.047  0.018  0.106  0.140  0.056  0.011  0.009 -0.065  0.005 -0.099 -0.003 -0.046  0.013  0.105  0.114  0.119  0.148 -0.013 -0.080 -0.148 -0.091 -0.057  0.137  0.044  0.146  0.078  0.158  0.113  0.092
  0.041  0.156  0.256  0.312  0.412  0.401  0.371  0.100 -0.280 -0.384 -0.370 -0.244 -0.189  0.082  0.068 -0.071 -0.032  0.059  0.074  0.086 -0.045  0.018  0.205  0.401  0.563  0.717  0.770  0.639  0.798  1.000  0.688  0.301  0.378  0.481  0.283  0.124  0.016  0.025 -0.083  0.072  0.034  0.085  0.066 -0.012  0.047  0.054 -0.050 -0.008  0.034  0.033  0.015  0.020  0.007  0.046 -0.005  0.000  0.029 -0.031  0.030 -0.105 -0.074  0.168  0.100  0.177 -0.011 -0.210 -0.066 -0.214 -0.333 -0.419 -0.466 -0.418 -0.347 -0.197 -0.125 -0.096 -0.074 -0.029 -0.107 -0.166 -0.140 -0.137 -0.221 -0.266 -0.238 -0.238 -0.196 -0.184 -0.057  0.012  0.026  0.172  0.239  0.160  0.143  0.214  0.270  0.173  0.141  0.240  0.244  0.292  0.334  0.297  0.234  0.264  0.298  0.357  0.324  0.269  0.296  0.177  0.264 -0.033 -0.105 -0.307 -0.302 -0.347 -0.251 -0.243 -0.156 -0.121 -0.016 -0.079 -0.004 -0.195 -0.282 -0.268 -0.207 -0.298 -0.011  0.104  0.196  0.202  0.115  0.090  0.069 -0.062  0.020 -0.144 -0.041 -0.097 -0.034  0.099  0.122  0.130  0.168  0.017 -0.130 -0.207 -0.117 -0.065  0.190  0.095  0.229  0.160  0.262  0.199  0.153
 -0.066  0.067  0.108  0.208  0.528  0.469  0.347  0.074 -0.323 -0.328 -0.340 -0.214 -0.432 -0.238 -0.298 -0.428 -0.382 -0.280 -0.261 -0.257 -0.367 -0.289 -0.078  0.163  0.351  0.512  0.684  0.780  0.588  0.688  1.000  0.582  0.097  0.521  0.542  0.338  0.175  0.162  0.088  0.281  0.226  0.294  0.212  0.123  0.238  0.277  0.196  0.244  0.309  0.334  0.274  0.300  0.306  0.359  0.264  0.204  0.248  0.147  0.261  0.060  0.147  0.251  0.286  0.296  0.245  0.008  0.136  0.057 -0.042 -0.201 -0.296 -0.282 -0.211  0.004 -0.021 -0.044  0.017  0.021 -0.075 -0.111 -0.054 -0.102 -0.189 -0.204 -0.192 -0.233 -0.264 -0.252 -0.164 -0.101 -0.022  0.194  0.329  0.416  0.298  0.400  0.377  0.208  0.156  0.182  0.164  0.172  0.239  0.197  0.162  0.213  0.214  0.156  0.135  0.199  0.433  0.353  0.477  0.212 -0.054 -0.234 -0.414 -0.478 -0.471 -0.492 -0.474 -0.433 -0.334 -0.239 -0.129 -0.249 -0.272 -0.190 -0.218 -0.332 -0.100 -0.024  0.043  0.088  0.180  0.154  0.250  0.196  0.360  0.193  0.210  0.092 -0.001  0.083  0.039  0.039  0.024 -0.111 -0.223 -0.155  0.028  0.236  0.432  0.298  0.332  0.161  0.145  0.024 -0.038
 -0.097 -0.105 -0.139 -0.108  0.161  0.133  0.045 -0.003 -0.025  0.068  0.084  0.097 -0.140 -0.232 -0.265 -0.252 -0.255 -0.262 -0.272 -0.288 -0.206 -0.150 -0.101  0.009  0.027  0.086  0.151  0.479  0.500  0.301  0.582  1.000  0.444  0.511  0.596  0.454  0.297  0.272  0.197  0.233  0.176  0.171  0.097  0.030  0.120  0.156  0.144  0.176  0.217  0.261  0.195  0.204  0.227  0.281  0.255  0.230  0.266  0.159  0.186  0.090  0.095 -0.006  0.060  0.026  0.124  0.074  0.084  0.111  0.128  0.067  0.021 -0.023 -0.018  0.043 -0.021 -0.028  0.034  0.023 -0.017 -0.039  0.008 -0.015 -0.056 -0.054 -0.026 -0.062 -0.099 -0.077 -0.056 -0.062 -0.027  0.074  0.106  0.263  0.125  0.174  0.109  0.072  0.037  0.007  0.009 -0.047 -0.026 -0.062 -0.050 -0.015 -0.053 -0.131 -0.170 -0.084  0.098  0.051  0.128  0.119 -0.069  0.020 -0.139 -0.097 -0.130 -0.163 -0.197 -0.167 -0.165 -0.033  0.004 -0.020 -0.024  0.030 -0.051 -0.085 -0.120 -0.200 -0.189 -0.116 -0.032 -0.060  0.031  0.078  0.155  0.144  0.087  0.036 -0.050 -0.088 -0.111 -0.114 -0.144 -0.156 -0.134 -0.086 -0.009  0.108  0.145  0.055  0.031 -0.071 -0.134 -0.198 -0.192
  0.131  0.071  0.125  0.074 -0.014 -0.027 -0.038 -0.038  0.099  0.029  0.059  0.049  0.273  0.289  0.335  0.371  0.358  0.327  0.310  0.276  0.325  0.307  0.277  0.201  0.129  0.073  0.025  0.041  0.439  0.378  0.097  0.444  1.000  0.508  0.271  0.218  0.120  0.124  0.015 -0.070 -0.132 -0.187 -0.147 -0.195 -0.191 -0.192 -0.236 -0.225 -0.206 -0.211 -0.222 -0.244 -0.236 -0.188 -0.127 -0.046 -0.046 -0.117 -0.206 -0.210 -0.306 -0.228 -0.287 -0.207 -0.308 -0.225 -0.205 -0.294 -0.293 -0.230 -0.170 -0.185 -0.231 -0.343 -0.256 -0.174 -0.175 -0.105 -0.101 -0.168 -0.157 -0.068 -0.102 -0.138 -0.053 -0.025  0.066  0.126  0.190  0.215  0.139  0.100 -0.037 -0.107 -0.074 -0.135 -0.059 -0.009  0.008  0.095  0.116  0.109  0.050  0.012 -0.001  0.015  0.031  0.123  0.093  0.062 -0.085 -0.169 -0.224 -0.241 -0.112 -0.053  0.140  0.171  0.265  0.278  0.340  0.352  0.325  0.200  0.189  0.149  0.095  0.053  0.107  0.061 -0.001  0.034  0.044  0.065 -0.123 -0.165 -0.269 -0.296 -0.392 -0.390 -0.372 -0.334 -0.205 -0.168 -0.069 -0.056 -0.037 -0.026 -0.027 -0.193 -0.221 -0.337 -0.273 -0.239 -0.156 -0.062  0.016  0.061  0.110
  0.035  0.062  0.115  0.113  0.306  0.246  0.145  0.025 -0.108 -0.110 -0.094 -0.059 -0.127 -0.075 -0.088 -0.122 -0.100 -0.076 -0.090 -0.117 -0.137 -0.113 -0.027  0.055  0.148  0.225  0.290  0.334  0.398  0.481  0.521  0.511  0.508  1.000  0.694  0.488  0.326  0.325  0.174  0.208  0.124  0.136  0.078  0.021  0.078  0.120  0.094  0.120  0.148  0.178  0.132  0.140  0.141  0.225  0.217  0.220  0.274  0.133  0.131 -0.003 -0.012  0.026  0.012  0.043 -0.002 -0.137 -0.040 -0.067 -0.118 -0.182 -0.216 -0.196 -0.185 -0.120 -0.142 -0.140 -0.084 -0.052 -0.112 -0.160 -0.101 -0.094 -0.167 -0.180 -0.106 -0.136 -0.124 -0.070  0.017  0.068  0.075  0.171  0.193  0.217  0.115  0.175  0.155  0.094  0.082  0.090  0.077  0.106  0.141  0.095  0.088  0.121  0.116  0.108  0.057  0.078  0.220  0.091  0.129  0.022 -0.097 -0.124 -0.143 -0.134 -0.114 -0.124 -0.105 -0.068 -0.065 -0.061 -0.016 -0.094 -0.131 -0.121 -0.145 -0.194 -0.091 -0.069 -0.050 -0.025  0.006 -0.020  0.026 -0.004  0.082 -0.025 -0.037 -0.101 -0.127 -0.083 -0.064 -0.041 -0.050 -0.060 -0.170 -0.197 -0.076  0.020  0.152  0.063  0.092  0.000  0.018 -0.031 -0.058
 -0.064 -0.059 -0.072 -0.065  0.278  0.236  0.115  0.019 -0.097 -0.027 -0.016  0.022 -0.201 -0.228 -0.256 -0.270 -0.256 -0.244 -0.245 -0.275 -0.252 -0.219 -0.143 -0.056  0.015  0.101  0.198  0.351  0.295  0.283  0.542  0.596  0.271  0.694  1.000  0.763  0.530  0.494  0.330  0.340  0.245  0.242  0.121  0.037  0.142  0.206  0.213  0.244  0.286  0.341  0.270  0.293  0.313  0.420  0.410  0.404  0.475  0.280  0.278  0.112  0.105  0.016  0.070  0.070  0.118  0.008  0.092  0.099  0.067 -0.020 -0.074 -0.071 -0.069 -0.008 -0.087 -0.112 -0.043 -0.037 -0.091 -0.115 -0.042 -0.064 -0.119 -0.100 -0.027 -0.090 -0.114 -0.073 -0.039 -0.021  0.018  0.150  0.187  0.336  0.156  0.223  0.161  0.069  0.052  0.020 -0.000 -0.006  0.020 -0.028 -0.025  0.017 -0.021 -0.082 -0.151 -0.055  0.197  0.126  0.177  0.111 -0.101 -0.031 -0.172 -0.158 -0.151 -0.186 -0.228 -0.183 -0.185 -0.071 -0.020 -0.045 -0.053  0.018 -0.059 -0.149 -0.136 -0.167 -0.177 -0.116 -0.019 -0.048  0.055  0.082  0.197  0.122  0.063 -0.001 -0.119 -0.130 -0.154 -0.104 -0.149 -0.146 -0.204 -0.156 -0.038  0.119  0.180  0.086  0.049 -0.058 -0.117 -0.180 -0.175
