  1.000  0.307  0.168  0.051  0.077  0.050 -0.012  0.002  0.023  0.078  0.190  0.119  0.138  0.101  0.165  0.198  0.236  0.214  0.214  0.234  0.212  0.180  0.162  0.153  0.110  0.113  0.089  0.199  0.171  0.083  0.105  0.145  0.072  0.056  0.109  0.065  0.060  0.037 -0.026 -0.058 -0.025  0.040 -0.035 -0.153 -0.122 -0.071 -0.142  0.040 -0.034 -0.032 -0.100 -0.148 -0.149 -0.225 -0.189 -0.174 -0.221 -0.220 -0.206 -0.217 -0.229 -0.210 -0.240 -0.182 -0.155 -0.173 -0.064 -0.053 -0.024 -0.024 -0.101 -0.138 -0.179 -0.222 -0.151 -0.192 -0.172 -0.218 -0.279 -0.354 -0.300 -0.251 -0.221 -0.193 -0.123 -0.149 -0.110 -0.140 -0.208 -0.067 -0.003  0.083  0.092  0.158  0.177  0.170  0.147  0.240  0.267  0.368  0.475  0.405  0.375  0.200  0.224  0.403  0.189  0.129  0.145  0.090  0.010  0.073 -0.001 -0.052 -0.037 -0.053 -0.035  0.147 -0.080 -0.036  0.013  0.004 -0.031  0.031  0.098 -0.007 -0.059 -0.095 -0.122 -0.191 -0.139 -0.123 -0.041 -0.001  0.024  0.038  0.078  0.096  0.124  0.151  0.180  0.074  0.135  0.164  0.203  0.243  0.106  0.052 -0.012 -0.027 -0.069 -0.073 -0.164 -0.150 -0.115 -0.171 -0.121 -0.170 -0.176 -0.135 -0.066 -0.101 -0.076 -0.060 -0.042 -0.047 -0.054  0.009  0.033  0.017  0.022  0.071 -0.079 -0.033  0.079  0.100  0.106  0.050  0.005 -0.016 -0.094 -0.166 -0.186 -0.123 -0.168 -0.059
  0.307  1.000  0.527  0.305  0.160  0.138  0.095  0.078  0.106  0.098  0.205  0.152  0.152  0.083  0.134  0.105  0.144  0.157  0.144  0.160  0.143  0.135  0.161  0.132  0.084  0.121  0.049 -0.079 -0.108  0.065  0.040 -0.127 -0.068  0.032 -0.085 -0.144 -0.099 -0.077 -0.090 -0.113 -0.187 -0.063  0.064  0.031  0.034  0.040  0.143  0.108  0.100  0.092  0.062 -0.030 -0.040 -0.097 -0.156 -0.110 -0.083 -0.120 -0.140 -0.146 -0.123 -0.199 -0.130 -0.108 -0.158 -0.091 -0.062 -0.035  0.008 -0.004  0.039  0.005  0.054 -0.053 -0.054 -0.077  0.048  0.026  0.067  0.162 -0.028 -0.084 -0.119 -0.120 -0.098 -0.073  0.016  0.015  0.060  0.024 -0.052 -0.023  0.022  0.062  0.023  0.039  0.062  0.051 -0.022 -0.035  0.127  0.100  0.117  0.005 -0.109 -0.060 -0.044 -0.085  0.004 -0.150  0.202  0.287  0.206  0.045  0.023 -0.018 -0.012 -0.153  0.028 -0.002  0.005 -0.045 -0.024  0.030  0.009  0.015 -0.044 -0.061 -0.056 -0.074 -0.035 -0.033  0.062  0.075  0.079  0.110  0.157  0.182  0.114  0.168  0.208  0.107  0.142  0.149  0.141  0.120  0.047  0.009 -0.032 -0.019 -0.077 -0.122 -0.112 -0.177 -0.150 -0.089 -0.084 -0.065 -0.101 -0.098 -0.142 -0.145 -0.140 -0.143 -0.191 -0.153 -0.122 -0.130 -0.077 -0.133 -0.109 -0.092 -0.047  0.047 -0.006 -0.022  0.026  0.001  0.061  0.037 -0.022 -0.050 -0.063 -0.106 -0.149 -0.035
  0.168  0.527  1.000  0.767  0.444  0.202  0.094  0.074  0.041  0.001  0.094  0.049  0.037 -0.043  0.031  0.024  0.070  0.093  0.112  0.068  0.074  0.074  0.120  0.115  0.060  0.029  0.038  0.040  0.084  0.218  0.117  0.063  0.170  0.220  0.106  0.065  0.127  0.193  0.136  0.011  0.155  0.026 -0.089 -0.111 -0.102 -0.067  0.150  0.406  0.388  0.277  0.203  0.138  0.104  0.036  0.017  0.054  0.003 -0.031 -0.010 -0.012 -0.042 -0.091 -0.096 -0.061 -0.095 -0.035  0.092  0.102  0.139  0.183  0.191  0.122  0.146  0.066  0.085  0.004  0.010 -0.100 -0.116 -0.004 -0.074 -0.067 -0.130 -0.131 -0.080 -0.033  0.095  0.080  0.080  0.055  0.034  0.082  0.121  0.101  0.016  0.036  0.044 -0.033 -0.143 -0.053  0.075 -0.042 -0.077 -0.103 -0.123 -0.011 -0.110 -0.111  0.055  0.216  0.422  0.616  0.403  0.206  0.101  0.046  0.118  0.027  0.096  0.065  0.047  0.002  0.052  0.082 -0.008  0.009  0.010 -0.012 -0.034 -0.025  0.021 -0.001  0.004  0.002 -0.092 -0.076 -0.028  0.070  0.098  0.126  0.127  0.112  0.116  0.100  0.081  0.032 -0.043 -0.044 -0.083 -0.086 -0.114 -0.154 -0.245 -0.312 -0.226 -0.196 -0.235 -0.234 -0.239 -0.213 -0.198 -0.200 -0.149 -0.176 -0.219 -0.135 -0.039 -0.026 -0.032 -0.192 -0.124 -0.154  0.009  0.079  0.039  0.003 -0.073 -0.070 -0.131 -0.135 -0.184 -0.210 -0.162 -0.112 -0.133 -0.096
  0.051  0.305  0.767  1.000  0.593  0.270  0.146  0.107  0.043 -0.046  0.009 -0.043 -0.079 -0.139 -0.053 -0.035  0.015  0.045  0.074  0.047  0.066  0.070  0.072  0.104  0.061  0.005  0.041  0.043  0.094  0.173  0.097  0.086  0.178  0.186  0.096  0.087  0.133  0.189  0.135  0.027  0.189  0.042 -0.081 -0.122 -0.154 -0.125  0.051  0.321  0.345  0.252  0.246  0.182  0.134  0.085  0.079  0.105  0.067  0.027  0.031  0.008 -0.035 -0.048 -0.049 -0.058 -0.064 -0.017  0.045  0.059  0.097  0.138  0.160  0.105  0.166  0.109  0.127  0.069  0.035 -0.031 -0.063 -0.006 -0.029 -0.028 -0.085 -0.089 -0.065 -0.023  0.096  0.092  0.083  0.073  0.058  0.091  0.117  0.092  0.007  0.055  0.082 -0.015 -0.130 -0.084  0.004 -0.098 -0.110 -0.091 -0.122 -0.042 -0.128 -0.138  0.055  0.246  0.371  0.613  0.416  0.312  0.171  0.084  0.129  0.033  0.039  0.024 -0.022 -0.058 -0.002 -0.005 -0.090 -0.055 -0.037 -0.010  0.038  0.037  0.080  0.057  0.048  0.015 -0.097 -0.091 -0.067  0.027  0.036  0.049  0.012  0.034  0.041  0.032  0.012 -0.040 -0.097 -0.116 -0.155 -0.088 -0.080 -0.100 -0.224 -0.288 -0.155 -0.153 -0.212 -0.214 -0.220 -0.190 -0.165 -0.163 -0.111 -0.097 -0.130 -0.101 -0.005  0.006  0.004 -0.091 -0.052 -0.123  0.022  0.076  0.047  0.027 -0.059 -0.032 -0.121 -0.123 -0.157 -0.169 -0.115 -0.028 -0.051 -0.096
  0.077  0.160  0.444  0.593  1.000  0.687  0.442  0.307  0.191  0.057  0.036 -0.026 -0.113 -0.137 -0.055  0.010  0.023  0.042  0.075  0.073  0.079  0.063  0.018  0.058  0.023 -0.043  0.059  0.120  0.012  0.064  0.139  0.088  0.123  0.202  0.161  0.095  0.144  0.174  0.131  0.012  0.030 -0.013 -0.130 -0.230 -0.268 -0.254 -0.037  0.207  0.234  0.217  0.186  0.148  0.122  0.050  0.040  0.050  0.003 -0.043 -0.057 -0.079 -0.075 -0.027 -0.086 -0.120 -0.091 -0.014  0.042  0.050  0.078  0.094  0.075  0.038  0.056  0.036  0.070  0.016  0.010 -0.049 -0.092 -0.083 -0.079 -0.083 -0.088 -0.090 -0.077 -0.066 -0.017 -0.038  0.007  0.010  0.037  0.091  0.094  0.079  0.034 -0.002  0.014 -0.033 -0.089 -0.053 -0.064 -0.133 -0.165 -0.147 -0.159 -0.134 -0.228 -0.218 -0.077  0.088  0.146  0.431  0.480  0.400  0.231  0.118  0.146  0.067  0.114  0.125  0.106  0.054  0.071  0.073  0.006 -0.009  0.003  0.022  0.040  0.099  0.175  0.312  0.366  0.348  0.166  0.118  0.051  0.047  0.012 -0.007 -0.087 -0.004 -0.026 -0.019 -0.014 -0.028 -0.101 -0.063 -0.103 -0.034 -0.029 -0.059 -0.125 -0.165 -0.050 -0.007 -0.054 -0.090 -0.088 -0.114 -0.080 -0.030  0.027  0.028 -0.031 -0.089 -0.128 -0.216 -0.213 -0.204 -0.175 -0.145  0.009 -0.020 -0.016 -0.098 -0.045 -0.067  0.047  0.048  0.111  0.052  0.104  0.130  0.111  0.100
  0.050  0.138  0.202  0.270  0.687  1.000  0.680  0.447  0.283  0.127  0.072 -0.010 -0.110 -0.120 -0.042  0.054  0.034  0.021  0.041  0.069  0.081  0.078  0.032  0.069  0.036 -0.015  0.068  0.111 -0.034  0.012  0.142  0.057  0.034  0.144  0.112 -0.007  0.036  0.068  0.004 -0.101 -0.122 -0.069 -0.072 -0.176 -0.212 -0.223 -0.053  0.058  0.039  0.083  0.073  0.065  0.062  0.030  0.017  0.010 -0.023 -0.028 -0.055 -0.080 -0.056 -0.013 -0.064 -0.091 -0.059 -0.007  0.010  0.020  0.026  0.011 -0.042 -0.046 -0.037 -0.036 -0.023 -0.055 -0.031 -0.050 -0.076 -0.080 -0.087 -0.102 -0.081 -0.076 -0.078 -0.104 -0.110 -0.128 -0.060 -0.070 -0.037  0.012 -0.004 -0.001 -0.031 -0.084 -0.074 -0.086 -0.111 -0.109 -0.123 -0.133 -0.164 -0.137 -0.177 -0.179 -0.197 -0.225 -0.178 -0.091 -0.011  0.169  0.266  0.276  0.179  0.102  0.147  0.065  0.117  0.116  0.122  0.080  0.059  0.040  0.006 -0.019 -0.034  0.012  0.075  0.153  0.253  0.388  0.553  0.519  0.319  0.248  0.133  0.084  0.018 -0.019 -0.102 -0.036 -0.065 -0.060 -0.053 -0.024 -0.083 -0.032 -0.042  0.028  0.034  0.029 -0.005 -0.038  0.029  0.088  0.045 -0.013 -0.014 -0.080 -0.069  0.007  0.052  0.065 -0.003 -0.085 -0.178 -0.261 -0.216 -0.150 -0.145 -0.102 -0.009 -0.043 -0.041 -0.098  0.007  0.001  0.169  0.162  0.225  0.163  0.226  0.226  0.217  0.166
 -0.012  0.095  0.094  0.146  0.442  0.680  1.000  0.733  0.434  0.234  0.132  0.020 -0.099 -0.091 -0.029  0.072  0.026 -0.014  0.003  0.041  0.037  0.034 -0.023  0.009 -0.021 -0.087 -0.011  0.025 -0.067  0.085  0.224  0.109  0.138  0.266  0.168  0.072  0.164  0.171  0.061 -0.019 -0.123 -0.058 -0.102 -0.156 -0.199 -0.241 -0.013  0.113  0.097  0.143  0.147  0.147  0.128  0.060  0.051  0.071  0.023 -0.010 -0.024 -0.075 -0.068 -0.041 -0.113 -0.129 -0.045  0.041  0.023  0.051  0.073  0.080  0.047  0.049  0.060  0.060  0.060  0.020  0.030  0.005 -0.011  0.010 -0.017 -0.035 -0.030 -0.039 -0.047 -0.039 -0.028 -0.018  0.060  0.017  0.018  0.049  0.048  0.012 -0.023 -0.047 -0.065 -0.111 -0.151 -0.168 -0.167 -0.195 -0.204 -0.221 -0.242 -0.237 -0.303 -0.273 -0.219 -0.177 -0.061  0.134  0.292  0.278  0.298  0.185  0.209  0.114  0.193  0.202  0.244  0.175  0.147  0.153  0.108  0.066  0.047  0.038  0.068  0.147  0.241  0.346  0.493  0.596  0.427  0.359  0.229  0.153  0.063 -0.026 -0.109 -0.054 -0.082 -0.088 -0.075 -0.025 -0.061  0.021  0.024  0.048  0.028 -0.040 -0.034 -0.081 -0.047  0.042  0.051  0.053  0.040 -0.016 -0.030  0.043  0.075  0.053 -0.022 -0.060 -0.152 -0.226 -0.209 -0.218 -0.256 -0.256 -0.117 -0.124 -0.131 -0.137 -0.014  0.061  0.229  0.217  0.287  0.203  0.184  0.124  0.084  0.067
  0.002  0.078  0.074  0.107  0.307  0.447  0.733  1.000  0.620  0.385  0.214  0.071 -0.044 -0.009  0.062  0.149  0.072  0.023  0.038  0.055  0.045  0.051  0.011  0.035 -0.000 -0.069 -0.014  0.002 -0.032  0.118  0.189  0.094  0.127  0.221  0.127  0.072  0.162  0.155  0.080  0.031 -0.078 -0.010 -0.089 -0.141 -0.175 -0.205 -0.007  0.119  0.112  0.128  0.130  0.114  0.109  0.055  0.039  0.062  0.016 -0.015 -0.024 -0.073 -0.073 -0.058 -0.122 -0.127 -0.058  0.015  0.006  0.041  0.075  0.074  0.058  0.040  0.063  0.068  0.065  0.019  0.026 -0.009 -0.018  0.016 -0.011 -0.030 -0.038 -0.042 -0.042 -0.037 -0.014  0.015  0.088  0.041  0.026  0.050  0.043  0.005 -0.022 -0.035 -0.061 -0.101 -0.131 -0.133 -0.117 -0.156 -0.153 -0.184 -0.212 -0.186 -0.243 -0.224 -0.189 -0.153 -0.055  0.109  0.230  0.218  0.246  0.170  0.188  0.087  0.131  0.144  0.205  0.126  0.093  0.127  0.098  0.044  0.026  0.014  0.036  0.087  0.157  0.243  0.372  0.479  0.434  0.407  0.283  0.213  0.123  0.017 -0.055 -0.015 -0.034 -0.036 -0.020  0.033  0.009  0.092  0.079  0.061  0.056 -0.019 -0.034 -0.092 -0.069  0.012  0.012  0.032  0.002 -0.034 -0.048  0.001  0.024  0.010 -0.047 -0.059 -0.141 -0.183 -0.171 -0.207 -0.254 -0.261 -0.130 -0.126 -0.124 -0.107  0.018  0.098  0.227  0.200  0.226  0.143  0.104  0.044  0.012  0.029
  0.023  0.106  0.041  0.043  0.191  0.283  0.434  0.620  1.000  0.684  0.410  0.265  0.085  0.153  0.184  0.244  0.083 -0.001 -0.015  0.013  0.013  0.048 -0.010  0.037  0.011 -0.088 -0.009 -0.027 -0.128  0.041  0.131  0.007  0.012  0.151  0.070 -0.036  0.055  0.086 -0.010 -0.066 -0.083  0.053  0.006 -0.069 -0.121 -0.167 -0.011  0.080  0.047  0.044  0.036  0.049  0.068  0.048  0.043  0.038  0.002 -0.011 -0.023 -0.096 -0.103 -0.073 -0.159 -0.172 -0.084  0.001 -0.013  0.025  0.052  0.042  0.009 -0.004  0.003  0.010  0.003 -0.035 -0.002 -0.030 -0.032  0.019 -0.027 -0.046 -0.043 -0.042 -0.041 -0.051 -0.044 -0.020  0.060  0.019  0.001  0.021 -0.000  0.002  0.011 -0.032 -0.055 -0.044 -0.064 -0.106 -0.047 -0.061 -0.077 -0.114 -0.191 -0.168 -0.258 -0.247 -0.264 -0.215 -0.134  0.028  0.119  0.063  0.130  0.089  0.109  0.035  0.090  0.115  0.138  0.081  0.055  0.074  0.064  0.003 -0.020 -0.031 -0.021  0.011  0.042  0.121  0.242  0.385  0.434  0.567  0.481  0.420  0.272  0.147  0.032  0.080  0.015 -0.015 -0.028  0.043  0.072  0.147  0.062  0.033  0.005 -0.047 -0.016 -0.065 -0.051  0.018 -0.015  0.008 -0.021 -0.042 -0.065 -0.030 -0.010 -0.015 -0.046 -0.025 -0.093 -0.193 -0.166 -0.200 -0.219 -0.204 -0.086 -0.067 -0.014  0.003  0.176  0.223  0.352  0.284  0.202  0.103  0.035 -0.020 -0.015  0.049
  0.078  0.098  0.001 -0.046  0.057  0.127  0.234  0.385  0.684  1.000  0.691  0.544  0.391  0.435  0.394  0.366  0.188  0.088  0.039  0.034  0.029  0.078  0.054  0.059  0.034 -0.081 -0.068 -0.086 -0.217 -0.076  0.032 -0.066 -0.079  0.041  0.015 -0.070 -0.007  0.042 -0.002 -0.027 -0.027  0.083  0.124  0.067  0.032  0.004  0.020  0.040 -0.020 -0.041 -0.100 -0.093 -0.084 -0.089 -0.094 -0.077 -0.077 -0.085 -0.082 -0.128 -0.138 -0.103 -0.174 -0.179 -0.105 -0.024 -0.011  0.038  0.053  0.028 -0.029 -0.062 -0.104 -0.126 -0.150 -0.183 -0.133 -0.131 -0.119 -0.067 -0.100 -0.103 -0.089 -0.056 -0.044 -0.077 -0.075 -0.083 -0.049 -0.075 -0.119 -0.077 -0.101 -0.069 -0.044 -0.081 -0.077 -0.025  0.003 -0.011  0.039  0.062  0.041  0.015 -0.056 -0.040 -0.103 -0.087 -0.129 -0.090 -0.065 -0.032  0.008 -0.077 -0.005 -0.027  0.004  0.006 -0.007  0.028  0.047  0.002 -0.032  0.005  0.006 -0.060 -0.082 -0.099 -0.090 -0.087 -0.062  0.008  0.123  0.264  0.394  0.493  0.535  0.509  0.364  0.320  0.281  0.267  0.184  0.150  0.120  0.197  0.269  0.310  0.164  0.017 -0.035 -0.076 -0.012 -0.048 -0.079 -0.028 -0.050 -0.030 -0.064 -0.077 -0.112 -0.079 -0.061 -0.052 -0.051 -0.004 -0.115 -0.217 -0.203 -0.222 -0.218 -0.160 -0.099 -0.073  0.033  0.011  0.184  0.177  0.306  0.260  0.123  0.030 -0.037 -0.084 -0.075  0.029
  0.190  0.205  0.094  0.009  0.036  0.072  0.132  0.214  0.410  0.691  1.000  0.790  0.588  0.436  0.441  0.362  0.256  0.164  0.117  0.116  0.136  0.187  0.145  0.151  0.138 -0.010 -0.062 -0.093 -0.213 -0.017  0.077 -0.051 -0.044  0.063  0.006 -0.071  0.003  0.065  0.021  0.001  0.007  0.113  0.212  0.166  0.138  0.100 -0.004  0.033 -0.025 -0.034 -0.101 -0.127 -0.132 -0.150 -0.173 -0.144 -0.147 -0.156 -0.146 -0.182 -0.221 -0.215 -0.291 -0.260 -0.168 -0.046 -0.008  0.036  0.039  0.030 -0.042 -0.068 -0.110 -0.154 -0.152 -0.194 -0.139 -0.129 -0.122 -0.073 -0.086 -0.104 -0.136 -0.117 -0.100 -0.119 -0.070 -0.080 -0.049 -0.039 -0.070 -0.022 -0.028  0.012 -0.009 -0.022 -0.010  0.010 -0.011 -0.017  0.083  0.114  0.070  0.021  0.012  0.043 -0.036 -0.011  0.007  0.041  0.067  0.049  0.025 -0.102 -0.035 -0.046  0.001  0.002 -0.031 -0.003  0.021 -0.011 -0.040 -0.003  0.035 -0.010 -0.082 -0.118 -0.118 -0.072 -0.019 -0.012  0.043  0.141  0.250  0.339  0.514  0.584  0.522  0.597  0.544  0.387  0.286  0.198  0.149  0.211  0.243  0.248  0.088 -0.060 -0.116 -0.129 -0.091 -0.128 -0.101 -0.042 -0.072 -0.083 -0.110 -0.143 -0.192 -0.141 -0.103 -0.101 -0.112 -0.004 -0.181 -0.230 -0.215 -0.277 -0.235 -0.168 -0.184 -0.058  0.085  0.062  0.171  0.125  0.199  0.148  0.010 -0.062 -0.052 -0.059 -0.128 -0.075
  0.119  0.152  0.049 -0.043 -0.026 -0.010  0.020  0.071  0.265  0.544  0.790  1.000  0.799  0.595  0.436  0.247  0.118  0.081  0.016 -0.051 -0.041  0.028  0.089  0.072  0.053 -0.070 -0.098 -0.123 -0.292 -0.150 -0.016 -0.116 -0.123 -0.016 -0.022 -0.092 -0.058  0.026  0.026  0.004  0.067  0.135  0.268  0.216  0.183  0.175  0.048  0.017 -0.056 -0.085 -0.160 -0.179 -0.189 -0.192 -0.221 -0.186 -0.149 -0.166 -0.156 -0.164 -0.189 -0.164 -0.208 -0.206 -0.138 -0.037 -0.001  0.047  0.042  0.023 -0.039 -0.070 -0.126 -0.181 -0.202 -0.228 -0.164 -0.134 -0.107 -0.048 -0.084 -0.095 -0.101 -0.079 -0.075 -0.101 -0.078 -0.094 -0.083 -0.073 -0.131 -0.091 -0.100 -0.053 -0.046 -0.053 -0.030  0.017  0.037  0.014  0.084  0.149  0.123  0.125  0.071  0.069  0.026  0.058  0.038  0.077  0.061 -0.003 -0.046 -0.182 -0.137 -0.132 -0.107 -0.077 -0.099 -0.082 -0.063 -0.087 -0.111 -0.072 -0.053 -0.087 -0.141 -0.175 -0.166 -0.145 -0.123 -0.096 -0.022  0.082  0.197  0.274  0.467  0.516  0.505  0.625  0.626  0.484  0.361  0.249  0.167  0.167  0.286  0.282  0.117 -0.089 -0.150 -0.164 -0.104 -0.120 -0.116 -0.083 -0.110 -0.109 -0.119 -0.133 -0.162 -0.116 -0.088 -0.064 -0.045  0.020 -0.112 -0.207 -0.203 -0.223 -0.168 -0.083 -0.074 -0.003  0.130  0.069  0.172  0.088  0.186  0.150 -0.013 -0.085 -0.104 -0.114 -0.129 -0.037
  0.138  0.152  0.037 -0.079 -0.113 -0.110 -0.099 -0.044  0.085  0.391  0.588  0.799  1.000  0.811  0.607  0.317  0.211  0.186  0.089 -0.002 -0.025  0.036  0.148  0.066  0.052  0.027 -0.098 -0.117 -0.225 -0.131 -0.067 -0.127 -0.133 -0.070 -0.052 -0.080 -0.079 -0.022  0.022  0.036  0.073  0.080  0.261  0.249  0.263  0.299  0.133  0.024 -0.066 -0.095 -0.192 -0.239 -0.259 -0.271 -0.297 -0.231 -0.187 -0.200 -0.171 -0.142 -0.164 -0.177 -0.150 -0.126 -0.124 -0.081  0.001  0.053  0.067  0.030 -0.032 -0.090 -0.161 -0.239 -0.269 -0.297 -0.217 -0.179 -0.149 -0.081 -0.152 -0.142 -0.143 -0.099 -0.076 -0.111 -0.077 -0.103 -0.138 -0.135 -0.205 -0.152 -0.154 -0.108 -0.105 -0.102 -0.070 -0.011  0.041  0.077  0.148  0.235  0.256  0.237  0.168  0.178  0.173  0.214  0.161  0.127  0.118 -0.014 -0.090 -0.216 -0.174 -0.166 -0.145 -0.073 -0.114 -0.126 -0.094 -0.107 -0.136 -0.078 -0.066 -0.099 -0.136 -0.179 -0.176 -0.216 -0.216 -0.187 -0.126 -0.048  0.061  0.098  0.277  0.322  0.304  0.472  0.700  0.500  0.480  0.437  0.361  0.352  0.486  0.423  0.217 -0.095 -0.174 -0.199 -0.127 -0.131 -0.175 -0.179 -0.169 -0.159 -0.153 -0.138 -0.138 -0.126 -0.111 -0.092 -0.074 -0.045 -0.076 -0.133 -0.129 -0.173 -0.136 -0.035 -0.077 -0.030  0.069  0.005  0.063 -0.007  0.041  0.039 -0.116 -0.161 -0.196 -0.200 -0.184 -0.045
  0.101  0.083 -0.043 -0.139 -0.137 -0.120 -0.091 -0.009  0.153  0.435  0.436  0.595  0.811  1.000  0.701  0.408  0.235  0.153  0.044 -0.030 -0.065  0.006  0.120  0.028  0.014  0.020 -0.104 -0.116 -0.210 -0.153 -0.108 -0.146 -0.168 -0.112 -0.070 -0.091 -0.101 -0.061 -0.010  0.020  0.039  0.047  0.214  0.225  0.250  0.281  0.120 -0.014 -0.075 -0.092 -0.183 -0.214 -0.233 -0.234 -0.235 -0.172 -0.133 -0.145 -0.121 -0.097 -0.115 -0.133 -0.082 -0.060 -0.078 -0.065  0.019  0.060  0.058  0.015 -0.024 -0.069 -0.157 -0.224 -0.266 -0.292 -0.233 -0.182 -0.156 -0.110 -0.176 -0.149 -0.120 -0.059 -0.036 -0.080 -0.057 -0.104 -0.159 -0.167 -0.232 -0.177 -0.190 -0.146 -0.115 -0.133 -0.112 -0.034  0.056  0.109  0.131  0.217  0.258  0.257  0.179  0.169  0.184  0.232  0.144  0.077  0.059 -0.071 -0.114 -0.201 -0.142 -0.134 -0.105 -0.006 -0.070 -0.080 -0.045 -0.057 -0.104 -0.054 -0.050 -0.102 -0.114 -0.150 -0.157 -0.228 -0.255 -0.195 -0.115 -0.027  0.079  0.110  0.212  0.196  0.162  0.268  0.496  0.341  0.367  0.417  0.368  0.427  0.623  0.588  0.308 -0.040 -0.133 -0.173 -0.079 -0.074 -0.164 -0.179 -0.157 -0.131 -0.128 -0.099 -0.083 -0.091 -0.090 -0.079 -0.071 -0.074 -0.060 -0.115 -0.108 -0.142 -0.128 -0.021 -0.067 -0.064 -0.004 -0.060  0.010 -0.007  0.052  0.057 -0.086 -0.133 -0.198 -0.229 -0.168  0.014
  0.165  0.134  0.031 -0.053 -0.055 -0.042 -0.029  0.062  0.184  0.394  0.441  0.436  0.607  0.701  1.000  0.680  0.511  0.422  0.284  0.229  0.206  0.220  0.272  0.142  0.075  0.053 -0.067 -0.071 -0.152 -0.096 -0.071 -0.105 -0.116 -0.069 -0.049 -0.069 -0.066 -0.027  0.015  0.032  0.050  0.077  0.185  0.149  0.176  0.219  0.121  0.048 -0.023 -0.052 -0.154 -0.214 -0.241 -0.273 -0.284 -0.216 -0.200 -0.210 -0.191 -0.166 -0.167 -0.173 -0.136 -0.112 -0.154 -0.139 -0.033  0.031  0.067  0.021 -0.025 -0.113 -0.170 -0.247 -0.267 -0.338 -0.263 -0.271 -0.253 -0.183 -0.237 -0.204 -0.202 -0.142 -0.084 -0.130 -0.081 -0.115 -0.155 -0.163 -0.216 -0.104 -0.129 -0.091 -0.084 -0.113 -0.080 -0.017  0.025  0.121  0.188  0.234  0.273  0.213  0.138  0.199  0.158  0.190  0.116  0.084  0.063  0.001 -0.053 -0.133 -0.110 -0.105 -0.071  0.034 -0.055 -0.068 -0.007 -0.026 -0.079 -0.005  0.010 -0.056 -0.055 -0.079 -0.087 -0.171 -0.178 -0.166 -0.094 -0.043  0.041  0.084  0.162  0.187  0.141  0.252  0.461  0.396  0.478  0.574  0.537  0.580  0.622  0.506  0.293  0.016 -0.064 -0.099 -0.063 -0.074 -0.138 -0.171 -0.193 -0.174 -0.190 -0.157 -0.133 -0.151 -0.138 -0.108 -0.106 -0.115 -0.092 -0.147 -0.148 -0.167 -0.163 -0.058 -0.090 -0.089 -0.032 -0.093 -0.017 -0.059  0.009 -0.015 -0.137 -0.173 -0.212 -0.204 -0.170 -0.012
  0.198  0.105  0.024 -0.035  0.010  0.054  0.072  0.149  0.244  0.366  0.362  0.247  0.317  0.408  0.680  1.000  0.744  0.484  0.373  0.379  0.395  0.400  0.367  0.232  0.145  0.092 -0.007 -0.016 -0.064 -0.016 -0.011 -0.042 -0.064 -0.027 -0.039 -0.062 -0.028 -0.016 -0.028  0.005 -0.028  0.038  0.085  0.054  0.093  0.103  0.044  0.019 -0.012 -0.015 -0.088 -0.135 -0.147 -0.178 -0.178 -0.131 -0.158 -0.162 -0.149 -0.152 -0.164 -0.167 -0.152 -0.118 -0.166 -0.156 -0.056 -0.021  0.017 -0.019 -0.058 -0.117 -0.151 -0.197 -0.192 -0.266 -0.227 -0.255 -0.259 -0.229 -0.225 -0.191 -0.181 -0.134 -0.081 -0.128 -0.082 -0.123 -0.151 -0.123 -0.134 -0.037 -0.059 -0.023 -0.018 -0.058 -0.042  0.011  0.021  0.121  0.176  0.157  0.164  0.075  0.063  0.164  0.078  0.091  0.046  0.028  0.037  0.009 -0.005 -0.043 -0.016  0.008  0.067  0.180  0.061  0.056  0.123  0.115  0.041  0.089  0.121  0.044  0.046  0.032 -0.006 -0.064 -0.051 -0.068 -0.027  0.005  0.055  0.100  0.117  0.131  0.088  0.142  0.246  0.191  0.262  0.400  0.420  0.570  0.493  0.435  0.251  0.078 -0.007 -0.038 -0.034 -0.043 -0.080 -0.107 -0.145 -0.148 -0.165 -0.151 -0.128 -0.141 -0.120 -0.104 -0.129 -0.124 -0.112 -0.166 -0.171 -0.192 -0.191 -0.105 -0.145 -0.132 -0.077 -0.115 -0.043 -0.070  0.012 -0.038 -0.103 -0.132 -0.131 -0.109 -0.121 -0.004
  0.236  0.144  0.070  0.015  0.023  0.034  0.026  0.072  0.083  0.188  0.256  0.118  0.211  0.235  0.511  0.744  1.000  0.727  0.623  0.639  0.619  0.542  0.477  0.289  0.183  0.141  0.018 -0.004 -0.023  0.005  0.006 -0.005 -0.010 -0.020 -0.033 -0.008  0.015  0.001  0.005  0.063  0.008  0.023  0.082  0.049  0.090  0.118  0.055  0.039 -0.023 -0.039 -0.108 -0.175 -0.178 -0.229 -0.247 -0.207 -0.236 -0.239 -0.231 -0.224 -0.212 -0.208 -0.182 -0.148 -0.215 -0.215 -0.127 -0.075 -0.012 -0.036 -0.079 -0.167 -0.175 -0.231 -0.198 -0.266 -0.201 -0.262 -0.273 -0.230 -0.241 -0.227 -0.233 -0.197 -0.142 -0.179 -0.111 -0.132 -0.154 -0.114 -0.123 -0.024 -0.036 -0.006 -0.029 -0.039 -0.015  0.012  0.001  0.115  0.189  0.163  0.181  0.060  0.053  0.200  0.129  0.118  0.101  0.074  0.067  0.045 -0.001 -0.048 -0.050 -0.032  0.021  0.129  0.018  0.008  0.080  0.064  0.000  0.082  0.123  0.052  0.054  0.054  0.040 -0.024 -0.011 -0.070 -0.045 -0.059 -0.024 -0.012  0.016  0.058  0.005  0.105  0.249  0.239  0.360  0.550  0.603  0.676  0.394  0.238  0.137  0.044 -0.004 -0.030 -0.043 -0.056 -0.074 -0.100 -0.122 -0.146 -0.171 -0.162 -0.153 -0.163 -0.145 -0.120 -0.129 -0.121 -0.119 -0.137 -0.150 -0.161 -0.169 -0.105 -0.156 -0.126 -0.075 -0.121 -0.084 -0.147 -0.078 -0.111 -0.144 -0.145 -0.122 -0.074 -0.105 -0.028
  0.214  0.157  0.093  0.045  0.042  0.021 -0.014  0.023 -0.001  0.088  0.164  0.081  0.186  0.153  0.422  0.484  0.727  1.000  0.853  0.754  0.700  0.565  0.462  0.258  0.093  0.064 -0.018  0.002 -0.041 -0.055 -0.031 -0.021 -0.005 -0.036 -0.032  0.012  0.019  0.008  0.043  0.079  0.049  0.054  0.093  0.017  0.033  0.100  0.110  0.098 -0.012 -0.077 -0.148 -0.223 -0.220 -0.278 -0.316 -0.278 -0.290 -0.321 -0.304 -0.271 -0.203 -0.143 -0.126 -0.163 -0.244 -0.243 -0.175 -0.098 -0.012 -0.026 -0.072 -0.202 -0.194 -0.256 -0.212 -0.280 -0.192 -0.267 -0.264 -0.199 -0.238 -0.232 -0.243 -0.218 -0.166 -0.186 -0.106 -0.118 -0.135 -0.108 -0.133 -0.037 -0.050 -0.024 -0.065 -0.068 -0.017 -0.003 -0.024  0.088  0.165  0.155  0.194  0.065  0.040  0.192  0.152  0.127  0.109  0.102  0.074  0.068 -0.009 -0.058 -0.112 -0.119 -0.075  0.010 -0.065 -0.084 -0.017 -0.034 -0.086  0.016  0.067  0.005  0.018  0.039  0.068  0.000 -0.007 -0.080 -0.052 -0.087 -0.060 -0.063 -0.026  0.031 -0.017  0.104  0.270  0.358  0.507  0.703  0.747  0.629  0.298  0.085  0.055 -0.008  0.002 -0.010 -0.035 -0.054 -0.081 -0.102 -0.134 -0.155 -0.192 -0.171 -0.164 -0.177 -0.165 -0.126 -0.113 -0.101 -0.103 -0.125 -0.130 -0.102 -0.117 -0.063 -0.034 -0.071 -0.046 -0.113 -0.078 -0.175 -0.116 -0.150 -0.163 -0.155 -0.141 -0.085 -0.070 -0.031
  0.214  0.144  0.112  0.074  0.075  0.041  0.003  0.038 -0.015  0.039  0.117  0.016  0.089  0.044  0.284  0.373  0.623  0.853  1.000  0.815  0.666  0.497  0.365  0.189  0.069  0.054 -0.011  0.003  0.016 -0.004 -0.004  0.027  0.046 -0.003 -0.005  0.063  0.075  0.041  0.075  0.129  0.048  0.019  0.022 -0.040 -0.014  0.038  0.067  0.106  0.005 -0.046 -0.115 -0.193 -0.184 -0.231 -0.274 -0.241 -0.264 -0.300 -0.280 -0.251 -0.196 -0.136 -0.126 -0.151 -0.206 -0.208 -0.168 -0.101 -0.010 -0.020 -0.069 -0.194 -0.182 -0.228 -0.176 -0.230 -0.147 -0.218 -0.215 -0.170 -0.201 -0.206 -0.208 -0.196 -0.155 -0.171 -0.106 -0.107 -0.106 -0.073 -0.094 -0.012 -0.025 -0.006 -0.045 -0.047 -0.018 -0.003 -0.023  0.080  0.148  0.116  0.143  0.013  0.012  0.161  0.118  0.084  0.086  0.097  0.078  0.072  0.011 -0.038 -0.088 -0.094 -0.068  0.006 -0.068 -0.077 -0.016 -0.032 -0.078  0.025  0.074  0.019  0.041  0.060  0.089  0.043  0.040 -0.028 -0.014 -0.058 -0.050 -0.061 -0.043  0.008 -0.026  0.066  0.191  0.256  0.388  0.570  0.663  0.563  0.213  0.016  0.001 -0.028  0.001 -0.001 -0.027 -0.048 -0.058 -0.064 -0.087 -0.115 -0.149 -0.142 -0.142 -0.140 -0.133 -0.104 -0.080 -0.048 -0.088 -0.106 -0.124 -0.110 -0.120 -0.081 -0.041 -0.058 -0.040 -0.099 -0.083 -0.188 -0.111 -0.136 -0.118 -0.114 -0.084 -0.036 -0.045 -0.045
  0.234  0.160  0.068  0.047  0.073  0.069  0.041  0.055  0.013  0.034  0.116 -0.051 -0.002 -0.030  0.229  0.379  0.639  0.754  0.815  1.000  0.842  0.608  0.346  0.220  0.103  0.077  0.032  0.053  0.008 -0.008  0.030  0.035  0.041  0.001 -0.016  0.023  0.045  0.011 -0.002  0.043 -0.034 -0.010  0.040 -0.029 -0.022  0.004  0.012  0.041 -0.049 -0.070 -0.102 -0.170 -0.148 -0.201 -0.228 -0.217 -0.255 -0.268 -0.252 -0.258 -0.199 -0.143 -0.151 -0.183 -0.231 -0.226 -0.188 -0.134 -0.061 -0.068 -0.120 -0.209 -0.191 -0.216 -0.149 -0.199 -0.130 -0.190 -0.199 -0.184 -0.194 -0.199 -0.206 -0.194 -0.162 -0.179 -0.120 -0.121 -0.118 -0.070 -0.059  0.021  0.011  0.040 -0.006 -0.014  0.028  0.031 -0.014  0.080  0.143  0.117  0.134 -0.013 -0.010  0.141  0.090  0.041  0.051  0.026  0.034  0.049  0.021 -0.003 -0.041 -0.050 -0.006  0.067 -0.012 -0.009  0.047  0.035 -0.020  0.057  0.120  0.066  0.078  0.098  0.114  0.078  0.089  0.017  0.017 -0.028 -0.028 -0.036 -0.036  0.002 -0.067  0.010  0.104  0.152  0.283  0.461  0.554  0.520  0.160 -0.021 -0.029  0.002  0.009  0.005 -0.021 -0.038 -0.030 -0.029 -0.055 -0.091 -0.121 -0.130 -0.137 -0.124 -0.107 -0.086 -0.095 -0.078 -0.112 -0.113 -0.116 -0.080 -0.092 -0.049 -0.062 -0.087 -0.057 -0.099 -0.065 -0.157 -0.082 -0.108 -0.084 -0.086 -0.045  0.013 -0.005 -0.031
  0.212  0.143  0.074  0.066  0.079  0.081  0.037  0.045  0.013  0.029  0.136 -0.041 -0.025 -0.065  0.206  0.395  0.619  0.700  0.666  0.842  1.000  0.779  0.430  0.312  0.145  0.076  0.039  0.070 -0.019 -0.039  0.014  0.002  0.007 -0.022 -0.051 -0.028  0.013 -0.007 -0.031  0.016 -0.053  0.006  0.057 -0.014 -0.026 -0.011 -0.006  0.028 -0.067 -0.095 -0.099 -0.161 -0.150 -0.180 -0.208 -0.207 -0.249 -0.263 -0.243 -0.239 -0.175 -0.114 -0.131 -0.171 -0.238 -0.246 -0.220 -0.168 -0.100 -0.102 -0.141 -0.219 -0.182 -0.209 -0.137 -0.189 -0.142 -0.184 -0.206 -0.212 -0.194 -0.193 -0.199 -0.182 -0.157 -0.176 -0.109 -0.128 -0.131 -0.058 -0.020  0.056  0.048  0.089  0.038  0.015  0.067  0.071 -0.007  0.066  0.123  0.091  0.093 -0.037 -0.017  0.121  0.073  0.011  0.040  0.032  0.033  0.057  0.017  0.022 -0.036 -0.056  0.010  0.079  0.013  0.010  0.059  0.066  0.017  0.073  0.139  0.094  0.106  0.134  0.147  0.116  0.127  0.028  0.007 -0.044 -0.052 -0.044 -0.045  0.022 -0.047  0.054  0.108  0.164  0.231  0.386  0.435  0.412  0.093 -0.055 -0.046  0.003 -0.000  0.014 -0.038 -0.042 -0.017 -0.021 -0.052 -0.092 -0.118 -0.123 -0.125 -0.118 -0.101 -0.077 -0.103 -0.091 -0.087 -0.106 -0.100 -0.047 -0.034  0.011 -0.013 -0.031 -0.005 -0.049 -0.035 -0.146 -0.082 -0.133 -0.099 -0.092 -0.024  0.045  0.022 -0.050
  0.180  0.135  0.074  0.070  0.063  0.078  0.034  0.051  0.048  0.078  0.187  0.028  0.036  0.006  0.220  0.400  0.542  0.565  0.497  0.608  0.779  1.000  0.668  0.570  0.350  0.199  0.133  0.122  0.017 -0.015  0.034  0.007 -0.005 -0.029 -0.065 -0.047 -0.019 -0.013 -0.023  0.037 -0.017  0.050  0.108  0.040  0.008  0.011 -0.014 -0.006 -0.083 -0.126 -0.116 -0.184 -0.187 -0.212 -0.237 -0.227 -0.249 -0.243 -0.233 -0.217 -0.152 -0.110 -0.094 -0.151 -0.219 -0.233 -0.225 -0.183 -0.128 -0.129 -0.142 -0.201 -0.175 -0.217 -0.159 -0.191 -0.139 -0.159 -0.168 -0.169 -0.155 -0.170 -0.203 -0.203 -0.179 -0.184 -0.090 -0.118 -0.139 -0.075 -0.039 -0.001  0.016  0.062 -0.002 -0.017  0.050  0.042 -0.037 -0.002  0.051  0.045  0.042 -0.039 -0.038  0.068  0.052 -0.015  0.010  0.044  0.054  0.046 -0.014 -0.011 -0.069 -0.090 -0.004  0.029 -0.029 -0.045  0.005  0.021 -0.025  0.010  0.077  0.036  0.037  0.091  0.116  0.080  0.089  0.019 -0.015 -0.060 -0.083 -0.063 -0.057  0.029 -0.024  0.130  0.165  0.254  0.264  0.376  0.331  0.334  0.107 -0.010 -0.038 -0.026 -0.059 -0.034 -0.087 -0.073 -0.034 -0.059 -0.083 -0.123 -0.132 -0.145 -0.147 -0.127 -0.102 -0.090 -0.136 -0.139 -0.139 -0.123 -0.095 -0.056 -0.012  0.038  0.015  0.001  0.036 -0.027 -0.038 -0.099 -0.068 -0.133 -0.130 -0.115 -0.033  0.013  0.005  0.036
  0.162  0.161  0.120  0.072  0.018  0.032 -0.023  0.011 -0.010  0.054  0.145  0.089  0.148  0.120  0.272  0.367  0.477  0.462  0.365  0.346  0.430  0.668  1.000  0.725  0.405  0.317  0.209  0.180  0.109  0.046  0.009 -0.017 -0.025 -0.045 -0.078 -0.063 -0.075 -0.060 -0.005  0.034  0.022  0.082  0.113  0.031  0.037  0.107  0.096  0.043 -0.033 -0.084 -0.107 -0.183 -0.193 -0.240 -0.272 -0.232 -0.232 -0.231 -0.245 -0.173 -0.138 -0.187 -0.076 -0.049 -0.175 -0.231 -0.176 -0.139 -0.079 -0.097 -0.079 -0.151 -0.119 -0.187 -0.152 -0.186 -0.114 -0.154 -0.151 -0.090 -0.138 -0.161 -0.218 -0.207 -0.177 -0.185 -0.078 -0.070 -0.086 -0.060 -0.067 -0.025 -0.006  0.033 -0.019 -0.033  0.009  0.013 -0.045  0.005  0.087  0.089  0.122  0.061  0.022  0.142  0.142  0.090  0.083  0.091  0.082  0.076 -0.028 -0.017 -0.092 -0.097 -0.035 -0.027 -0.046 -0.095 -0.047 -0.054 -0.080 -0.027  0.003 -0.031 -0.051 -0.021  0.005 -0.064 -0.048 -0.089 -0.087 -0.119 -0.130 -0.120 -0.098  0.010  0.028  0.209  0.289  0.299  0.301  0.400  0.330  0.310  0.166  0.066  0.028 -0.028 -0.069 -0.067 -0.123 -0.124 -0.112 -0.167 -0.169 -0.195 -0.194 -0.178 -0.147 -0.159 -0.133 -0.102 -0.141 -0.165 -0.130 -0.047 -0.016 -0.009  0.008  0.038 -0.018  0.033  0.024 -0.008 -0.049 -0.081 -0.107 -0.137 -0.198 -0.184 -0.135 -0.127 -0.107  0.030
  0.153  0.132  0.115  0.104  0.058  0.069  0.009  0.035  0.037  0.059  0.151  0.072  0.066  0.028  0.142  0.232  0.289  0.258  0.189  0.220  0.312  0.570  0.725  1.000  0.721  0.446  0.347  0.260  0.156  0.124  0.098  0.041  0.012  0.007 -0.022 -0.042 -0.056 -0.022  0.006  0.005  0.058  0.147  0.134  0.028 -0.003  0.047 -0.007 -0.002 -0.031 -0.073 -0.084 -0.147 -0.159 -0.185 -0.211 -0.204 -0.208 -0.193 -0.211 -0.177 -0.138 -0.162 -0.128 -0.132 -0.179 -0.193 -0.148 -0.123 -0.091 -0.113 -0.103 -0.145 -0.105 -0.154 -0.113 -0.133 -0.074 -0.107 -0.107 -0.073 -0.093 -0.127 -0.194 -0.200 -0.186 -0.186 -0.080 -0.066 -0.066 -0.028 -0.004  0.021  0.037  0.074  0.020  0.008  0.054  0.041 -0.032 -0.009  0.061  0.075  0.073  0.055  0.027  0.083  0.058  0.013  0.040  0.104  0.104  0.080 -0.025 -0.028 -0.101 -0.094 -0.035 -0.057 -0.085 -0.105 -0.083 -0.079 -0.085 -0.060 -0.041 -0.046 -0.075 -0.032 -0.008 -0.042 -0.024 -0.056 -0.065 -0.094 -0.121 -0.096 -0.070  0.037  0.047  0.219  0.200  0.236  0.204  0.211  0.107  0.099  0.031 -0.018 -0.064 -0.072 -0.105 -0.067 -0.131 -0.119 -0.040 -0.111 -0.157 -0.204 -0.202 -0.196 -0.167 -0.174 -0.141 -0.110 -0.155 -0.180 -0.143 -0.099 -0.059 -0.043  0.016  0.078  0.033  0.079  0.135  0.052 -0.006 -0.031 -0.066 -0.118 -0.193 -0.182 -0.108 -0.072 -0.068  0.073
  0.110  0.084  0.060  0.061  0.023  0.036 -0.021 -0.000  0.011  0.034  0.138  0.053  0.052  0.014  0.075  0.145  0.183  0.093  0.069  0.103  0.145  0.350  0.405  0.721  1.000  0.713  0.521  0.300  0.262  0.305  0.232  0.167  0.111  0.093  0.081  0.059  0.024  0.024  0.053  0.059  0.094  0.153  0.132  0.081  0.070  0.099 -0.057 -0.084 -0.033 -0.036 -0.069 -0.126 -0.136 -0.150 -0.169 -0.188 -0.196 -0.165 -0.186 -0.191 -0.189 -0.213 -0.215 -0.198 -0.177 -0.148 -0.068 -0.060 -0.069 -0.106 -0.114 -0.112 -0.097 -0.133 -0.099 -0.097 -0.037 -0.060 -0.047 -0.031 -0.051 -0.108 -0.175 -0.186 -0.180 -0.176 -0.091 -0.061 -0.064 -0.031 -0.012 -0.014  0.012  0.034 -0.012 -0.007  0.035  0.010 -0.036 -0.001  0.057  0.076  0.064  0.088  0.069  0.050  0.053  0.047  0.074  0.122  0.165  0.042 -0.046 -0.090 -0.124 -0.069 -0.034 -0.092 -0.116 -0.132 -0.114 -0.091 -0.097 -0.103 -0.077 -0.046 -0.086 -0.042 -0.024 -0.031 -0.020 -0.050 -0.081 -0.112 -0.130 -0.105 -0.075  0.007  0.008  0.136  0.125  0.136  0.102  0.071 -0.013  0.012  0.021 -0.005 -0.070 -0.081 -0.090 -0.022 -0.062 -0.049  0.049 -0.024 -0.130 -0.194 -0.184 -0.194 -0.174 -0.181 -0.155 -0.147 -0.186 -0.212 -0.183 -0.162 -0.148 -0.157 -0.065  0.051 -0.025  0.047  0.170  0.010 -0.048 -0.051 -0.068 -0.134 -0.208 -0.180 -0.091 -0.016 -0.055  0.158
  0.113  0.121  0.029  0.005 -0.043 -0.015 -0.087 -0.069 -0.088 -0.081 -0.010 -0.070  0.027  0.020  0.053  0.092  0.141  0.064  0.054  0.077  0.076  0.199  0.317  0.446  0.713  1.000  0.736  0.430  0.483  0.406  0.149  0.122  0.058  0.011  0.007  0.032 -0.044 -0.106 -0.005  0.053 -0.058 -0.006 -0.012 -0.036  0.040  0.121  0.040 -0.099 -0.056 -0.038 -0.058 -0.097 -0.101 -0.111 -0.152 -0.154 -0.166 -0.139 -0.162 -0.121 -0.138 -0.227 -0.112 -0.035 -0.134 -0.206 -0.110 -0.114 -0.083 -0.148 -0.122 -0.128 -0.080 -0.100 -0.078 -0.048  0.011  0.019  0.042  0.057 -0.015 -0.080 -0.142 -0.142 -0.144 -0.149 -0.100 -0.046 -0.053 -0.029 -0.012 -0.023  0.011  0.037  0.016 -0.011 -0.003  0.016 -0.015  0.017  0.092  0.110  0.135  0.132  0.074  0.088  0.129  0.101  0.081  0.019  0.101 -0.020 -0.092 -0.068 -0.116 -0.044 -0.053 -0.131 -0.075 -0.136 -0.119 -0.097 -0.086 -0.099 -0.096 -0.057 -0.094 -0.061 -0.043 -0.100 -0.104 -0.115 -0.132 -0.168 -0.148 -0.132 -0.152 -0.070 -0.028  0.066  0.106  0.002  0.013  0.043 -0.004  0.016  0.014 -0.032 -0.084 -0.123 -0.121 -0.071 -0.099 -0.091 -0.046 -0.131 -0.165 -0.195 -0.157 -0.125 -0.065 -0.115 -0.095 -0.085 -0.131 -0.174 -0.130  0.005  0.037  0.016  0.064  0.135 -0.007  0.082  0.116  0.043 -0.038 -0.039 -0.145 -0.179 -0.222 -0.205 -0.151 -0.127 -0.113  0.111
  0.089  0.049  0.038  0.041  0.059  0.068 -0.011 -0.014 -0.009 -0.068 -0.062 -0.098 -0.098 -0.104 -0.067 -0.007  0.018 -0.018 -0.011  0.032  0.039  0.133  0.209  0.347  0.521  0.736  1.000  0.729  0.559  0.414  0.290  0.236  0.145  0.126  0.143  0.108  0.004 -0.022  0.061  0.027 -0.010  0.057 -0.045 -0.160 -0.169 -0.080 -0.028 -0.027 -0.021 -0.068 -0.045 -0.074 -0.063 -0.087 -0.135 -0.168 -0.181 -0.169 -0.205 -0.173 -0.155 -0.155 -0.106 -0.099 -0.150 -0.175 -0.138 -0.131 -0.085 -0.132 -0.118 -0.139 -0.082 -0.084 -0.027 -0.014  0.025  0.018  0.021  0.047  0.021 -0.071 -0.140 -0.158 -0.178 -0.173 -0.135 -0.059 -0.040 -0.015  0.058  0.064  0.086  0.104  0.068  0.006  0.027  0.031 -0.034 -0.033  0.013  0.019  0.027  0.040 -0.019  0.008  0.004 -0.042 -0.029  0.035  0.027  0.022 -0.060 -0.002 -0.097 -0.056 -0.030 -0.090 -0.023 -0.084 -0.082 -0.054 -0.044 -0.072 -0.065 -0.034 -0.057 -0.030 -0.016 -0.040 -0.042 -0.047 -0.040 -0.061 -0.086 -0.054 -0.096 -0.031 -0.017  0.035 -0.035 -0.010 -0.048 -0.052 -0.093 -0.092 -0.094 -0.101 -0.139 -0.101 -0.134 -0.118 -0.157 -0.136 -0.060 -0.131 -0.196 -0.230 -0.167 -0.148 -0.064 -0.068 -0.019  0.026 -0.039 -0.125 -0.150 -0.024  0.037  0.116  0.165  0.218  0.119  0.121  0.181  0.104  0.068  0.018 -0.079 -0.088 -0.139 -0.154 -0.101 -0.091  0.029  0.173
  0.199 -0.079  0.040  0.043  0.120  0.111  0.025  0.002 -0.027 -0.086 -0.093 -0.123 -0.117 -0.116 -0.071 -0.016 -0.004  0.002  0.003  0.053  0.070  0.122  0.180  0.260  0.300  0.430  0.729  1.000  0.650  0.329  0.362  0.404  0.280  0.219  0.267  0.193  0.087  0.059  0.083 -0.028 -0.005  0.055 -0.097 -0.260 -0.292 -0.183 -0.046  0.057 -0.013 -0.084 -0.064 -0.069 -0.074 -0.136 -0.134 -0.163 -0.201 -0.196 -0.203 -0.144 -0.116 -0.073 -0.071 -0.083 -0.115 -0.168 -0.103 -0.100 -0.049 -0.076 -0.107 -0.156 -0.139 -0.120 -0.048 -0.073 -0.087 -0.090 -0.144 -0.145 -0.110 -0.124 -0.173 -0.182 -0.158 -0.165 -0.167 -0.091 -0.112 -0.068  0.044  0.123  0.100  0.119  0.069 -0.028  0.003  0.025 -0.037  0.013  0.022  0.036  0.046  0.059  0.037  0.074 -0.014 -0.046 -0.042  0.091 -0.030  0.066 -0.029  0.083 -0.054 -0.076  0.020  0.062  0.001 -0.023 -0.007  0.016  0.014  0.000  0.017  0.025  0.009  0.007 -0.000 -0.033 -0.016  0.007  0.008 -0.005 -0.093 -0.082 -0.144 -0.080 -0.091 -0.041 -0.087 -0.036 -0.050 -0.051 -0.066 -0.063 -0.089 -0.060 -0.077 -0.053 -0.103 -0.109 -0.199 -0.153 -0.104 -0.187 -0.208 -0.240 -0.161 -0.132 -0.013 -0.001  0.069  0.119  0.048 -0.051 -0.152  0.006  0.047  0.172  0.192  0.237  0.155  0.029  0.076  0.045  0.037 -0.006 -0.100 -0.061 -0.107 -0.129 -0.082 -0.075  0.112  0.162
  0.171 -0.108  0.084  0.094  0.012 -0.034 -0.067 -0.032 -0.128 -0.217 -0.213 -0.292 -0.225 -0.210 -0.152 -0.064 -0.023 -0.041  0.016  0.008 -0.019  0.017  0.109  0.156  0.262  0.483  0.559  0.650  1.000  0.720  0.336  0.495  0.460  0.275  0.259  0.320  0.217  0.109  0.151  0.131  0.088  0.041 -0.250 -0.278 -0.220 -0.115 -0.005  0.121  0.169  0.123  0.125  0.101  0.075  0.026  0.035  0.023 -0.038 -0.043 -0.013  0.037  0.005 -0.052  0.003  0.074  0.009 -0.088  0.003 -0.023  0.029  0.038  0.071  0.035  0.072  0.080  0.117  0.086  0.031 -0.040 -0.059 -0.049  0.011 -0.009 -0.097 -0.115 -0.075 -0.021  0.036  0.122  0.054  0.058  0.128  0.151  0.168  0.119  0.057  0.059  0.023 -0.021 -0.096  0.004  0.077  0.022  0.033  0.001  0.017  0.124  0.071  0.034  0.069  0.142  0.103  0.124  0.013  0.123  0.049  0.074  0.115  0.090  0.006 -0.011 -0.004  0.009  0.045  0.017  0.001  0.031  0.012 -0.000 -0.012 -0.055 -0.050 -0.099 -0.138 -0.205 -0.281 -0.276 -0.313 -0.220 -0.075 -0.119 -0.131 -0.200 -0.164 -0.127 -0.104 -0.085 -0.116 -0.121 -0.118 -0.097 -0.060 -0.069 -0.244 -0.236 -0.167 -0.271 -0.274 -0.295 -0.216 -0.162 -0.063 -0.095 -0.042 -0.021 -0.043 -0.055 -0.034  0.283  0.289  0.219  0.177  0.079 -0.036  0.010 -0.004  0.092 -0.080  0.006 -0.345 -0.310 -0.299 -0.281 -0.221 -0.164 -0.086 -0.024
  0.083  0.065  0.218  0.173  0.064  0.012  0.085  0.118  0.041 -0.076 -0.017 -0.150 -0.131 -0.153 -0.096 -0.016  0.005 -0.055 -0.004 -0.008 -0.039 -0.015  0.046  0.124  0.305  0.406  0.414  0.329  0.720  1.000  0.644  0.552  0.632  0.569  0.399  0.388  0.386  0.292  0.238  0.183  0.115  0.062 -0.222 -0.169 -0.121 -0.080  0.113  0.297  0.384  0.341  0.267  0.201  0.156  0.086  0.063  0.080  0.016 -0.019  0.016  0.005 -0.059 -0.165 -0.155 -0.028 -0.009  0.045  0.176  0.171  0.216  0.246  0.264  0.235  0.244  0.204  0.196  0.124  0.114 -0.005 -0.006  0.085  0.091  0.057 -0.075 -0.098 -0.052  0.053  0.184  0.254  0.228  0.155  0.160  0.205  0.227  0.111  0.022  0.046 -0.050 -0.163 -0.287 -0.171 -0.017 -0.083 -0.066 -0.109 -0.093 -0.038 -0.139 -0.064  0.041  0.065  0.176  0.256  0.193  0.126  0.154  0.151  0.197  0.092  0.139  0.104  0.113  0.095  0.150  0.145  0.088  0.120  0.075  0.007 -0.049 -0.020  0.012 -0.033 -0.076 -0.088 -0.173 -0.146 -0.112 -0.053  0.065 -0.031 -0.043 -0.147 -0.123 -0.141 -0.126 -0.084 -0.102 -0.058 -0.093 -0.116 -0.088 -0.125 -0.247 -0.299 -0.192 -0.190 -0.206 -0.229 -0.197 -0.179 -0.152 -0.160 -0.121 -0.184 -0.240 -0.178 -0.053  0.108  0.098 -0.143 -0.169 -0.232 -0.238 -0.074 -0.077 -0.027 -0.156  0.019 -0.254 -0.267 -0.233 -0.236 -0.185 -0.111 -0.189 -0.074
